19674|LAB3|2009-10-05|08:00|10:00|A101|DEMOSI|0000002976 0000003187 0000002820 |klasicno|0000002924 0000002296 0000002868 0000001697 0000002926 0000003390 0000002834 0000002937 0000002967 0000002909 0000002496 0000002787 0000003115 0000003032 0000002856 0000003392 0000003200 0000003498 0000002383 0000002493 0000003100 0000002752 0000000041 0000002870 0000002550 0000000017 0000002495 0000003248 0000002866 0000001909 
19674|LAB3|2009-10-05|08:00|10:00|A109|DEMOSI|0000002908 0000002739 |klasicno|0000003219 0000002934 0000003196 0000003324 0000002882 0000003235 0000003026 0000002878 0000003224 0000002776 0000003399 0000003193 0000003273 0000002757 0000003325 
19674|LAB3|2009-10-05|08:00|10:00|A110|DEMOSI|0000003090 0000002887 0000001661 |klasicno|0000003044 0000002993 0000002668 0000002199 0000002925 0000002382 0000003272 0000003028 0000003414 0000003461 0000000029 0000003249 0000000020 0000002848 
19674|LAB3|2009-10-05|08:00|10:00|A209|DEMOSI|0000003112 0000002758 0000002964 0000003109 |klasicno|0000003485 0000002735 0000002994 0000003061 0000003331 0000002896 0000002443 0000003059 0000003424 0000002980 0000003099 0000002740 0000003453 0000001607 0000003345 0000003209 0000002812 0000003185 
19674|LAB3|2009-10-05|08:00|10:00|A210|DEMOSI|0000002959 0000003343 |klasicno|0000002444 0000003386 0000003302 0000003062 0000003359 0000003263 0000002864 0000002517 0000002771 0000002501 0000002811 0000003180 0000003148 0000003159 0000003174 0000003309 0000003050 
19674|LAB3|2009-10-05|10:00|12:00|A109|DEMOSI|0000002758 0000002853 |klasicno|0000003005 0000002074 0000002747 0000003089 0000003157 0000003247 0000002641 0000002794 0000003311 0000002990 0000003322 0000002944 0000002936 0000003254 0000002922 
19674|LAB3|2009-10-05|10:00|12:00|A110|DEMOSI|0000002897 0000002975 |klasicno|0000001801 0000003252 0000002991 0000002880 0000003352 0000003135 0000002855 0000002795 0000003093 0000003034 0000002819 0000003286 0000002836 0000002863 0000003182 
19674|LAB3|2009-10-05|10:00|12:00|A209|DEMOSI|0000002887 0000003187 |klasicno|0000002858 0000003336 0000002818 0000002793 0000003181 0000003165 0000002806 0000002950 0000002742 0000003355 0000002849 0000003058 0000003151 0000003022 0000002949 0000003117 0000002986 0000002305 
19674|LAB3|2009-10-05|10:00|12:00|A210|DEMOSI|0000003258 0000003202 |klasicno|0000003168 0000002906 0000002995 0000003013 0000003166 0000002879 0000002954 0000002512 0000003114 0000003122 0000003057 0000003307 0000003211 0000002299 0000002217 0000003140 0000000002 0000002929 
19674|LAB3|2009-10-05|12:00|14:00|A101|DEMOSI|0000002820 0000003112 0000002975 0000003113 |klasicno|0000003377 0000003321 0000002356 0000002844 0000003356 0000003317 0000002900 0000003271 0000002989 0000002935 0000003242 0000002403 0000003326 0000002867 0000000042 0000003253 0000002474 0000003245 0000003131 0000002999 0000002146 0000002983 0000002232 0000003282 0000003294 0000003158 0000002966 0000003179 0000003228 0000003086 
19674|LAB3|2009-10-05|12:00|14:00|A109|DEMOSI|0000002862 0000002853 0000002897 0000003090 |klasicno|0000003293 0000002734 0000003060 0000002840 0000003192 0000003499 0000003197 0000002988 0000003365 0000003172 0000003366 0000003064 0000003155 0000002873 0000000022 
19674|LAB3|2009-10-05|12:00|14:00|A209|DEMOSI|0000002964 0000002976 0000002908 0000002318 0000003258 0000003343 0000002739 0000003109 |klasicno|0000002951 0000002871 0000002673 0000002907 0000002823 0000003477 0000002791 0000003071 0000002354 0000002149 0000002953 0000003110 0000003287 0000002824 0000002675 0000003303 0000002774 0000002817 
19674|LAB3|2009-10-05|14:00|16:00|A101|DEMOSI|0000002837 0000003260 0000002799 |klasicno|0000003021 0000003320 0000002424 0000003251 0000001962 0000002788 0000002857 0000003017 0000003103 0000002119 0000002760 0000003432 0000003350 0000002738 0000003063 0000003262 0000002973 0000003264 0000002753 0000003400 0000002917 0000002761 0000003292 0000002536 0000003037 0000003055 0000003015 0000003094 0000002845 0000002781 
19674|LAB3|2009-10-05|14:00|16:00|A109|DEMOSI|0000002802 0000003052 |klasicno|0000003289 0000002931 0000003106 0000002912 0000002455 0000003334 0000003128 0000003096 0000003241 0000003085 0000002746 0000003145 0000003146 0000002439 0000003214 
19674|LAB3|2009-10-05|14:00|16:00|A110|DEMOSI|0000003191 0000003318 |klasicno|0000003220 0000003316 0000003398 0000003295 0000002969 0000003339 0000002623 0000003040 0000002785 0000003238 0000003036 0000003229 0000003041 0000003127 0000003204 
19674|LAB3|2009-10-05|14:00|16:00|A209|DEMOSI|0000003233 0000003240 |klasicno|0000003393 0000002766 0000000069 0000002744 0000003277 0000003091 0000003074 0000002985 0000002869 0000003329 0000000016 0000003276 0000002890 0000003288 0000003125 0000002671 0000002361 0000003120 
19674|LAB3|2009-10-05|14:00|16:00|A210|DEMOSI|0000002759 0000002968 |klasicno|0000002437 0000002901 0000003069 0000003218 0000003024 0000002978 0000002287 0000003397 0000002972 0000003330 0000002800 0000002846 0000002892 0000002391 0000003199 0000003176 0000003353 0000002466 
19674|LAB3|2009-10-05|16:00|18:00|A101|DEMOSI|0000003088 0000003233 0000003260 |klasicno|0000002687 0000003304 0000003030 0000003332 0000002847 0000003244 0000003072 0000003008 0000002843 0000002782 0000003267 0000003190 0000002772 0000002992 0000002765 0000002942 0000003183 0000003053 0000002891 0000002792 0000002841 0000002751 0000002915 0000003493 0000002482 0000003102 0000001953 0000003105 0000003160 0000002941 
19674|LAB3|2009-10-05|16:00|18:00|A110|DEMOSI|0000002799 0000003002 |klasicno|0000003207 0000003283 0000002269 0000003333 0000002913 0000002749 0000003095 0000002875 0000003079 0000002572 0000002889 0000002043 0000003068 0000003285 0000003019 
19674|LAB3|2009-10-05|16:00|18:00|A209|DEMOSI|0000003052 0000003016 |klasicno|0000003231 0000003335 0000003084 0000003098 0000002277 0000002982 0000003121 0000002997 0000002605 0000003082 0000003184 0000002916 0000003216 0000002778 0000002945 0000002805 0000002804 0000003344 
19674|LAB3|2009-10-05|16:00|18:00|A210|DEMOSI|0000003116 0000003003 |klasicno|0000002769 0000003300 0000003038 0000003342 0000002427 0000003310 0000003278 0000003077 0000003163 0000003222 0000002899 0000003213 0000003315 0000003243 0000002979 0000003250 0000002842 0000003255 
19674|LAB3|2009-10-05|18:00|20:00|A101|DEMOSI|0000002835 0000002963 0000003116 |klasicno|0000003484 0000002971 0000002886 0000003132 0000003217 0000002932 0000002861 0000003023 0000003161 0000003189 0000003042 0000003465 0000002821 0000002952 0000002764 0000002998 0000002797 0000003338 0000002346 0000003208 0000003266 0000002807 0000002767 0000003268 0000003306 0000002020 0000003198 0000003054 0000003327 0000002960 
19674|LAB3|2009-10-05|18:00|20:00|A110|DEMOSI|0000001661 0000003088 |klasicno|0000002790 0000002729 0000003290 0000002839 0000002933 0000002947 0000003450 0000003340 0000002814 0000003150 0000003223 0000002822 0000003225 0000002803 0000003046 
19674|LAB3|2009-10-05|18:00|20:00|A209|DEMOSI|0000003016 0000003002 |klasicno|0000002877 0000003018 0000003259 0000002585 0000003360 0000002904 0000003256 0000003301 0000002405 0000002827 0000002888 0000002984 0000003162 0000002624 0000002699 0000002938 0000002777 0000003232 
19674|LAB3|2009-10-05|18:00|20:00|A210|DEMOSI|0000002837 0000002860 |klasicno|0000003328 0000002796 0000003426 0000002579 0000003413 0000003001 0000003298 0000003239 0000002469 0000002828 0000002307 0000003236 0000003011 0000001935 0000002798 0000002231 0000003203 0000002939 
19674|LAB3|2009-10-06|08:00|10:00|A101|DEMOSI|0000003129 0000002756 0000002191 |klasicno|0000002656 0000003087 0000003337 0000003226 0000002005 0000002718 0000003396 0000003452 0000003066 0000001125 0000002423 0000002218 0000003142 0000002745 0000002341 0000002470 0000002666 0000002768 0000002876 0000003048 0000002553 0000002607 0000003212 0000002344 0000002406 0000000040 0000002543 0000000215 0000002816 0000002499 
19674|LAB3|2009-10-06|08:00|10:00|A109|DEMOSI|0000003006 0000002763 |klasicno|0000002161 0000002134 0000002364 0000003312 0000002830 0000002955 0000003000 0000002737 0000002703 0000002898 0000002137 0000002456 0000002732 0000002883 0000003275 
19674|LAB3|2009-10-06|08:00|10:00|A110|DEMOSI|0000002789 0000002748 |klasicno|0000002514 0000002569 0000003206 0000003051 0000002754 0000003265 0000003195 0000002865 0000003205 0000003101 0000003153 0000001656 0000002903 0000003141 0000003462 
19674|LAB3|2009-10-06|08:00|10:00|A209|DEMOSI|0000003230 0000003202 |klasicno|0000003173 0000002810 0000002577 0000002498 0000002282 0000003319 0000002594 0000002631 0000002775 0000002467 0000002723 0000003130 0000002663 0000002461 0000002885 0000002893 0000002522 0000002524 
19674|LAB3|2009-10-06|08:00|10:00|A210|DEMOSI|0000003113 0000002854 |klasicno|0000002808 0000003488 0000002652 0000003014 0000002640 0000003137 0000000195 0000003004 0000002779 0000003083 0000003007 0000002320 0000003489 0000003460 0000003373 0000003047 0000002429 0000003284 
19674|LAB3|2009-10-06|10:00|12:00|A101|DEMOSI|0000002191 0000002959 0000002748 |klasicno|0000003175 0000003123 0000003215 0000003358 0000002688 0000003164 0000002523 0000003104 0000003201 0000002809 0000003025 0000002851 0000002741 0000003118 0000003279 0000002755 0000002278 0000002157 0000003078 0000000006 0000002664 0000002826 0000003270 0000003056 0000003281 0000002762 0000002566 0000002727 0000002634 0000002271 
19674|LAB3|2009-10-06|10:00|12:00|A109|DEMOSI|0000002763 0000002756 |klasicno|0000002722 0000002943 0000002728 0000003412 0000003280 0000003049 0000002895 0000002743 0000003178 0000003045 0000003081 0000002914 0000002676 0000003065 
19674|LAB3|2009-10-06|10:00|12:00|A110|DEMOSI|0000002789 0000003006 |klasicno|0000003308 0000003455 0000003027 0000003039 0000003313 0000003134 0000002730 0000002458 0000002884 0000003143 0000002910 0000003361 0000002783 0000002091 0000003364 
19674|LAB3|2009-10-06|10:00|12:00|A209|DEMOSI|0000002318 0000003129 |klasicno|0000002825 0000002693 0000002507 0000002923 0000002920 0000003144 0000002987 0000002930 0000002538 0000002280 0000003138 0000003067 0000002946 0000002832 0000002961 0000002852 0000003029 0000002622 
19674|LAB3|2009-10-06|10:00|12:00|A210|DEMOSI|0000002854 0000003230 |klasicno|0000002546 0000003261 0000002713 0000003136 0000000403 0000003108 0000003186 0000003139 0000003167 0000003075 0000002957 0000000018 0000003012 0000002948 0000002692 0000003169 0000002921 0000003147 
19674|LAB3|2009-10-06|12:00|14:00|A101|DEMOSI|0000002963 0000002860 0000002835 |klasicno|0000002602 0000002618 0000002956 0000003073 0000003035 0000002770 0000002838 0000002958 0000003348 0000003097 0000003314 0000003297 0000003274 0000002700 0000003463 0000002438 0000002981 0000002829 0000002176 0000002780 0000002918 0000003483 0000002502 0000002786 0000003177 0000003419 0000003349 0000003227 0000002919 0000003020 
19674|LAB3|2009-10-06|12:00|14:00|A109|DEMOSI|0000002802 0000002968 |klasicno|0000003246 0000003341 0000002831 0000002833 0000003299 0000002996 0000003188 0000003156 0000003043 0000002697 0000003010 0000003305 0000003425 0000002905 0000003351 
19674|LAB3|2009-10-06|12:00|14:00|A209|DEMOSI|0000003318 0000003003 |klasicno|0000002473 0000002874 0000003269 0000002881 0000003107 0000002911 0000003237 0000002965 0000003323 0000002477 0000002928 0000003080 0000003070 0000002970 0000003149 0000003234 0000002801 0000002894 
19674|LAB3|2009-10-06|12:00|14:00|A210|DEMOSI|0000002850 0000002759 |klasicno|0000003210 0000002670 0000003126 0000003423 0000002698 0000003092 0000003464 0000002773 0000003111 0000003194 0000002578 0000002736 0000001305 0000002813 0000002927 0000003296 0000003033 0000003009 
19674|LAB3|2009-10-06|17:00|19:00|A101|DEMOSI|0000002850 0000003240 0000003191 0000002862 |klasicno|0000003221 0000003357 0000002962 0000003119 0000002815 0000003171 0000003346 0000002784 0000002977 0000002902 0000002940 0000003031 0000002859 0000000086 0000002872 0000003076 0000003154 0000002603 0000002606 0000003354 0000003347 0000003124 0000003291 0000002974 0000002696 0000003257 0000003170 0000003133 0000003152 0000002750 
19676|LAB2|2009-10-06|08:30|09:15|A102|klasicno|0000003109 0000002949 0000003049 0000002708 0000002980 0000003321 0000002961 0000003065 0000003155 0000003299 0000002287 0000003164 0000003271 0000002811 0000002840 0000003178 0000002634 0000002762 0000002791 0000003461 0000002741 0000002382 0000002641 0000003110 0000003209 0000003061 0000003112 0000003099 0000002444 0000002437 
19676|LAB2|2009-10-06|09:15|10:00|A102|klasicno|0000001697 0000002926 0000003308 0000003210 0000002546 0000003351 0000003056 0000002280 0000003356 0000003134 0000002774 0000002870 0000003175 0000003059 0000003147 0000003045 0000002728 0000003313 0000000811 0000003386 0000003286 0000003186 0000003296 0000002496 0000003167 0000003336 0000002852 0000002550 0000003122 0000001909 
19676|LAB2|2009-10-06|10:30|11:15|A102|klasicno|0000003352 0000002430 0000000069 0000002776 0000002133 0000003142 0000002589 0000002898 0000002296 0000002990 0000003331 0000003197 0000003114 0000003071 0000002935 0000002929 0000002771 0000002936 0000003043 0000002816 0000003355 0000003307 0000002995 0000003206 0000003141 0000003312 0000002702 0000003028 0000003058 0000003317 
19676|LAB2|2009-10-06|11:15|12:00|A102|klasicno|0000002879 0000002885 0000002779 0000003000 0000002856 0000002541 0000003424 0000003319 0000003180 0000003325 0000002966 0000002754 0000003205 0000002652 0000003087 0000002493 0000003219 0000002844 0000002897 0000001964 0000003115 0000003193 0000003113 0000000042 0000002740 0000003390 0000002459 0000003066 0000003265 0000003101 
19676|LAB2|2009-10-06|12:30|13:15|A102|klasicno|0000002987 0000003029 0000003337 0000003157 0000002907 0000003245 0000003140 0000003005 0000003063 0000003014 0000002812 0000003144 0000003361 0000002218 0000002692 0000003174 0000002217 0000003302 0000003148 0000002832 0000002903 0000003165 0000002775 0000003007 0000003281 0000003047 0000003358 0000003159 0000003026 0000002810 
19676|LAB2|2009-10-06|12:30|13:15|A110|klasicno|0000002854 0000000018 0000002924 0000002819 0000002950 0000002787 0000002501 0000002955 0000002930 0000000022 0000002914 0000003004 0000002876 0000003006 0000002756 
19676|LAB2|2009-10-06|13:15|14:00|A102|klasicno|0000003089 0000003022 0000002999 0000002975 0000002722 0000002507 0000003137 0000002499 0000003062 0000000195 0000003477 0000002713 0000003460 0000003365 0000003215 0000003129 0000003012 0000002871 0000003081 0000002134 0000002964 0000002139 0000002693 0000003280 0000003187 0000003181 0000003032 0000002895 0000003293 0000003123 
19676|LAB2|2009-10-06|13:15|14:00|A110|klasicno|0000002664 0000002747 0000002305 0000002683 0000003104 0000002836 0000002752 0000002676 0000003272 0000003208 0000002851 0000003138 0000001602 0000002896 0000002566 
19676|LAB2|2009-10-06|14:00|14:45|A102|klasicno|0000003366 0000002796 0000003348 0000002829 0000003499 0000003267 0000002952 0000002998 0000003030 0000002361 0000002623 0000003229 0000002792 0000003489 0000002536 0000002899 0000003177 0000003223 0000003024 0000002835 0000002827 0000002749 0000002344 0000002498 0000002828 0000003120 0000003291 0000002938 0000003016 0000003218 
19676|LAB2|2009-10-06|14:00|14:45|A109|klasicno|0000002352 0000003146 0000002861 0000002461 0000003329 0000003301 0000003076 0000002886 0000002981 0000003188 0000003300 0000003339 0000002535 0000002753 0000002982 
19676|LAB2|2009-10-06|14:00|14:45|A110|klasicno|0000003393 0000003126 0000003250 0000003240 0000003216 0000003008 0000003149 0000002822 0000003154 0000002364 0000002786 0000002782 0000003333 0000001746 0000003347 
19676|LAB2|2009-10-06|14:00|14:45|A209|klasicno|0000002784 0000003425 0000002697 0000002839 0000003342 0000002933 0000002845 0000002831 0000003227 0000003097 0000003091 0000002712 0000002043 0000003017 0000003493 0000002785 0000003243 0000002494 
19676|LAB2|2009-10-06|14:00|14:45|A210|klasicno|0000003161 0000002522 0000002821 0000003264 0000002971 0000002815 0000002940 0000002807 0000002524 0000003073 0000002778 0000003220 0000002942 0000002941 0000002797 0000003190 0000002605 
19676|LAB2|2009-10-06|14:45|15:30|A102|klasicno|0000003046 0000003238 0000000002 0000003241 0000002543 0000002424 0000003103 0000003176 0000003052 0000002161 0000003316 0000003327 0000002746 0000002744 0000003011 0000003069 0000002318 0000002578 0000002842 0000003269 0000003040 0000003116 0000003156 0000003274 0000002965 0000003494 0000003213 
19676|LAB2|2009-10-06|14:45|15:30|A109|klasicno|0000003055 0000003124 0000002825 0000003297 0000003462 0000003194 0000002860 0000003171 0000002992 0000003398 0000003084 0000002833 0000003283 
19676|LAB2|2009-10-06|14:45|15:30|A110|klasicno|0000003289 0000002978 0000003203 0000002958 0000002850 0000003221 0000003098 0000003399 0000002972 0000003262 0000002772 0000003234 0000003426 0000002911 0000003251 
19676|LAB2|2009-10-06|14:45|15:30|A209|klasicno|0000003079 0000002902 0000002193 0000003189 0000003357 0000003020 0000002299 0000002970 0000003119 0000002769 0000003259 0000003132 0000003107 0000003465 0000002788 
19676|LAB2|2009-10-06|14:45|15:30|A210|klasicno|0000002137 0000002939 0000003256 0000002945 0000003304 0000002624 0000003096 0000002862 0000002841 0000003350 0000001983 0000003085 0000003353 0000002869 0000003360 
19676|LAB2|2009-10-06|15:30|16:15|A102|klasicno|0000003191 0000003078 0000002901 0000002766 0000003306 0000002474 0000002932 0000002764 0000002947 0000002466 0000003001 0000002223 0000003150 0000002427 0000002802 0000003106 0000002875 0000002918 0000002553 0000003290 0000003036 0000003183 0000003377 0000002803 0000002905 0000002354 
19676|LAB2|2009-10-06|15:30|16:15|A110|klasicno|0000001962 0000002800 0000003236 0000002512 0000002968 0000003041 0000003042 0000003163 0000002804 0000002974 0000003152 0000002960 
19676|LAB2|2009-10-06|15:30|16:15|A209|klasicno|0000003204 0000002761 0000002718 0000002750 0000002160 0000002663 0000003199 0000002780 0000002890 0000002859 0000002781 0000003314 0000003323 0000003009 0000003222 
19676|LAB2|2009-10-06|15:30|16:15|A210|klasicno|0000003145 0000003315 0000003108 0000002765 0000003121 0000002805 0000002837 0000003094 0000003207 0000002572 0000002607 0000003277 0000003278 0000003037 0000002872 
19676|LAB2|2009-10-06|16:15|17:00|A102|klasicno|0000003423 0000002194 0000003082 0000002868 0000002916 0000003232 0000002456 0000002915 0000001766 0000002180 0000003184 0000002738 0000002732 0000000029 0000002165 0000002596 0000002234 0000003170 0000002891 0000002909 0000003268 0000003294 0000002838 0000002606 0000003093 0000003485 0000003077 0000003133 0000002908 0000003015 
19676|LAB2|2009-10-06|16:15|17:00|A110|klasicno|0000003095 0000002801 0000003464 0000003345 0000003346 0000003125 0000003258 0000002951 0000003257 0000002391 0000002759 0000003214 0000003320 0000002571 0000002997 
19676|LAB2|2009-10-06|16:15|17:00|A209|klasicno|0000002889 0000002293 0000003088 0000003172 0000002239 0000002289 0000003484 0000002866 0000003033 0000003349 0000003463 0000002892 0000002704 0000002742 0000002977 0000003127 0000002847 0000003288 
19676|LAB2|2009-10-06|16:15|17:00|A210|klasicno|0000002705 0000002245 0000002647 0000001575 0000003225 0000002266 0000002931 0000001656 0000002237 0000002988 0000002603 0000003031 0000002739 0000001604 0000003228 0000002232 0000002877 0000002962 
19676|LAB2|2009-10-06|17:00|17:45|A102|klasicno|0000002887 0000003340 0000003018 0000003064 0000002220 0000002668 0000002925 0000002438 0000002878 0000002985 0000002917 0000003246 0000003198 0000002569 0000002867 0000002439 0000002798 0000002922 0000002737 0000003158 0000002119 0000003359 0000002570 0000002671 0000002919 0000003102 0000002912 0000002983 0000002673 0000002701 
19676|LAB2|2009-10-06|17:00|17:45|A110|klasicno|0000003396 0000002760 0000003330 0000003057 0000003298 0000002564 0000003002 0000002973 0000001705 0000003162 0000002611 0000003128 0000003182 0000002734 0000003310 
19676|LAB2|2009-10-06|17:00|17:45|A209|klasicno|0000003044 0000002969 0000001399 0000002758 0000003266 0000003341 0000002365 0000002219 0000000039 0000002820 0000003233 0000002813 0000000197 0000003332 0000002514 0000002470 0000002411 0000002595 
19676|LAB2|2009-10-06|17:00|17:45|A210|klasicno|0000003105 0000001582 0000002928 0000003070 0000002857 0000003235 0000002937 0000002751 0000002913 0000002855 0000003248 0000003295 0000003239 0000002956 0000002594 0000003397 0000002075 0000001600 
19676|LAB2|2009-10-06|17:45|18:30|A102|klasicno|0000002767 0000002090 0000003284 0000003231 0000003373 0000002858 0000002894 0000002403 0000003054 0000003237 0000002176 0000003334 0000002189 0000002770 0000002777 0000000041 0000000175 0000002423 0000002793 0000003338 0000003260 0000002954 0000002735 0000002604 0000002843 0000003244 0000002482 0000003021 0000002074 0000002814 
19676|LAB2|2009-10-06|17:45|18:30|A110|klasicno|0000002670 0000003305 0000002963 0000003285 0000002904 0000003276 0000002409 0000002799 0000002846 0000003053 0000002888 0000003151 0000002270 0000002375 0000002703 
19676|LAB2|2009-10-06|17:45|18:30|A209|klasicno|0000002773 0000003400 0000003072 0000002736 0000002685 0000003003 0000003060 0000003074 0000002656 0000003090 0000001125 0000003328 0000003292 0000003318 0000003364 0000002389 0000003217 0000002967 
19676|LAB2|2009-10-06|17:45|18:30|A210|klasicno|0000003275 0000003038 0000001583 0000002729 0000002953 0000002881 0000002817 0000003092 0000002412 0000003255 0000002441 0000002834 0000002818 0000003335 0000003048 0000003019 0000003160 0000000192 
19676|LAB2|2009-10-06|18:30|19:15|A102|klasicno|0000002579 0000002959 0000000040 0000003135 0000002934 0000002806 0000003224 0000002873 0000002622 0000003023 0000003118 0000002795 0000002467 0000002986 0000002976 0000002491 0000003010 0000001701 0000003051 0000002849 0000003452 0000002943 0000002900 0000002743 0000003311 0000003130 0000003324 0000002709 0000003498 0000003086 
19676|LAB2|2009-10-06|18:30|19:15|A110|klasicno|0000002948 0000003392 0000003261 0000003247 0000002348 0000002585 0000002727 0000002455 0000002675 0000002745 0000002823 0000002730 0000003211 0000003083 0000002808 
19676|LAB2|2009-10-06|18:30|19:15|A209|klasicno|0000002994 0000002893 0000003253 0000003343 0000003080 0000003200 0000002615 0000002853 0000002863 0000003270 0000002809 0000003202 0000003166 0000002996 0000002640 0000003326 0000002185 0000002993 
19676|LAB2|2009-10-06|18:30|19:15|A210|klasicno|0000003263 0000003169 0000003242 0000002320 0000003068 0000003483 0000002957 0000003185 0000002757 0000002921 0000002830 0000003254 0000003453 0000002343 0000003027 0000003035 0000002906 0000003039 
19676|LAB2|2009-10-06|19:15|20:00|A102|klasicno|0000002178 0000002146 0000003117 0000002884 0000001930 0000003050 0000003414 0000002631 0000002276 0000003173 0000003100 0000002824 0000002864 0000002783 0000003195 0000002826 0000003192 0000003196 0000002923 0000002989 0000002984 0000003131 0000003273 0000003252 0000003067 0000003111 0000003279 0000003201 0000003025 0000003322 
19676|LAB2|2009-10-06|19:15|20:00|A110|klasicno|0000002979 0000002517 0000003139 0000003287 0000002883 0000002618 0000002946 0000002307 0000003230 0000002688 0000002848 0000003282 0000003013 0000003212 0000003309 
19676|LAB2|2009-10-06|19:15|20:00|A209|klasicno|0000002651 0000002199 0000002794 0000002920 0000002882 0000002748 0000003226 0000002417 0000002616 0000002865 0000002715 0000002768 0000003344 0000002880 0000003143 0000002910 0000002790 0000003303 
19676|LAB2|2009-10-06|19:15|20:00|A210|klasicno|0000003168 0000002191 0000003488 0000002874 0000002944 0000002789 0000003075 0000002755 0000003034 0000003354 0000002991 0000003136 0000003249 0000002711 0000002927 0000003179 0000003153 0000002763 
31487|LAB1|2009-10-05|08:00|10:00|FIZLAB|klasicno|0000002513 0000002379 0000002214 0000002395 0000002421 0000002377 0000002179 0000002462 0000002475 0000002694 0000002323 0000002310 0000001951 0000002601 0000002353 0000002567 0000001583 0000002614 0000003483 0000002719 0000001291 0000001032 0000002212 0000002510 0000002082 0000001362 0000000038 
31487|LAB1|2009-10-05|10:00|12:00|FIZLAB|klasicno|0000001330 0000002306 0000002257 0000002300 0000002463 0000002422 0000002639 0000002321 0000000042 0000002396 0000002330 0000001712 0000002561 0000002435 0000002426 0000001614 0000002169 0000002602 0000002302 0000001393 0000002509 0000002188 0000002228 0000002002 0000002555 
31487|LAB1|2009-10-05|12:00|14:00|FIZLAB|klasicno|0000001258 0000003422 0000001590 0000002154 0000002182 0000002464 0000002167 0000002309 0000001016 0000002287 0000002708 0000001837 0000002459 0000002527 0000002244 0000002201 0000002121 0000002290 0000002548 0000002483 0000002582 0000002236 0000002273 0000001600 0000002256 0000002181 0000002680 0000002651 
31487|LAB1|2009-10-05|14:00|16:00|FIZLAB|klasicno|0000002110 0000002075 0000002222 0000001918 0000001759 0000002571 0000002340 0000002275 0000002159 0000002581 0000002237 0000002230 0000002360 0000002401 0000002359 0000002040 0000002642 0000002369 0000002686 0000002294 0000001926 0000002301 0000002155 0000002487 0000002695 0000002177 0000002339 0000002145 
31487|LAB1|2009-10-05|16:00|18:00|FIZLAB|klasicno|0000002684 0000002724 0000002389 0000002667 0000002556 0000002096 0000001003 0000002505 0000002148 0000001399 0000002352 0000001664 0000002316 0000001178 0000002457 0000002153 0000002088 0000002627 0000001741 0000001680 0000001404 0000002053 0000001791 0000002295 0000002259 0000002532 0000002611 0000002190 
31487|LAB1|2009-10-05|18:00|20:00|FIZLAB|klasicno|0000001660 0000002473 0000002715 0000002184 0000002139 0000001840 0000002446 0000002682 0000001954 0000002415 0000001604 0000002045 0000002479 0000002135 0000002696 0000002272 0000002351 0000002419 0000002598 0000002225 0000002260 0000002347 0000001746 0000002174 0000002297 0000002101 0000001878 0000002333 
31487|LAB1|2009-10-06|08:00|10:00|FIZLAB|klasicno|0000002247 0000001724 0000002565 0000000001 0000002650 0000001628 0000002554 0000003454 0000002644 0000002690 0000002659 0000002460 0000002279 0000002170 0000002709 0000002158 0000002141 0000002202 0000002185 0000001658 0000002378 0000002520 0000002147 0000002454 0000002584 0000002370 0000002338 0000002525 
31487|LAB1|2009-10-06|10:00|12:00|FIZLAB|klasicno|0000002144 0000002251 0000003450 0000002665 0000002183 0000002432 0000002621 0000002241 0000002635 0000002616 0000002366 0000002358 0000002229 0000001757 0000002710 0000003410 0000002506 0000002700 0000002206 0000002537 0000002076 0000002637 0000002204 0000002325 0000001152 0000002063 0000002539 0000002328 
31487|LAB1|2009-10-06|12:00|14:00|FIZLAB|klasicno|0000002646 0000002143 0000002127 0000002575 0000002599 0000002562 0000002037 0000001967 0000002327 0000002030 0000002508 0000002004 0000002515 0000002086 0000002485 0000002669 0000002337 0000002349 0000001857 0000002239 0000002433 0000002233 0000002242 0000002313 0000001914 0000002324 0000002414 0000002343 
31487|LAB1|2009-10-06|14:00|16:00|FIZLAB|klasicno|0000002731 0000002292 0000002362 0000002488 0000002284 0000001956 0000002175 0000002529 0000002332 0000002392 0000002140 0000001624 0000002480 0000002552 0000001906 0000002384 0000002540 0000002671 0000002376 0000002304 0000002654 0000003420 0000002009 0000002489 0000002681 0000002534 0000002308 0000002625 
31487|LAB1|2009-10-06|16:00|18:00|FIZLAB|klasicno|0000003459 0000002430 0000002619 0000002530 0000002447 0000002404 0000001653 0000002200 0000003457 0000002336 0000002608 0000001701 0000002531 0000002643 0000001079 0000001901 0000002610 0000002587 0000002678 0000002066 0000002484 0000002416 0000002350 0000001196 0000002386 0000002371 0000003445 0000002706 
31487|LAB1|2009-10-06|18:00|20:00|FIZLAB|klasicno|0000002235 0000002440 0000002196 0000002248 0000002468 0000002192 0000002207 0000002311 0000002645 0000002151 0000002428 0000002315 0000002286 0000002557 0000001877 0000002249 0000001970 0000002716 0000002442 0000002573 0000002209 0000001637 0000002721 0000002568 0000002597 0000002436 0000002312 0000002451 
31487|LAB1|2009-10-07|08:00|10:00|FIZLAB|klasicno|0000002490 0000001420 0000002545 0000003423 0000001935 0000001788 0000002560 0000001861 0000002467 0000002437 0000002314 0000002152 0000002221 0000002551 0000002504 0000002410 0000002481 0000002420 0000002544 0000002559 0000002215 0000002081 0000002172 0000002580 0000002246 0000002387 0000001797 0000001864 
31487|LAB1|2009-10-07|10:00|12:00|FIZLAB|klasicno|0000002393 0000002326 0000002563 0000002334 0000002418 0000002632 0000002588 0000002549 0000002707 0000002263 0000002388 0000002138 0000001771 0000002407 0000002576 0000002252 0000002726 0000002574 0000002267 0000002717 0000002400 0000002150 0000002226 0000002620 0000001737 0000002672 0000002381 0000002250 
31487|LAB1|2009-10-07|12:00|14:00|FIZLAB|klasicno|0000002211 0000002662 0000002405 0000002660 0000002216 0000002173 0000001696 0000002591 0000002005 0000001848 0000002283 0000001868 0000002195 0000002397 0000002073 0000002298 0000002136 0000001916 0000001591 0000002087 0000002255 0000002357 0000002317 0000002521 0000002187 0000002303 0000002227 0000002445 
31487|LAB1|2009-10-07|14:00|16:00|FIZLAB|klasicno|0000002425 0000002186 0000002293 0000002469 0000001987 0000001586 0000002402 0000002372 0000001547 0000002367 0000001663 0000002335 0000002452 0000002600 0000002592 0000002258 0000002261 0000002633 0000002657 0000002609 0000002636 0000001762 0000001955 0000002368 0000002486 0000002674 0000002262 0000002385 
31487|LAB1|2009-10-07|16:00|18:00|FIZLAB|klasicno|0000002021 0000002649 0000002363 0000002348 0000002526 0000002417 0000002398 0000002399 0000002342 0000002208 0000002331 0000001527 0000002638 0000002590 0000002307 0000002264 0000002448 0000002408 0000002291 0000002628 0000001904 0000002276 0000002502 0000003456 0000002518 0000001754 0000002243 0000002274 
31487|LAB1|2009-10-07|18:00|20:00|FIZLAB|klasicno|0000002516 0000002533 0000002528 0000001706 0000002394 0000002213 0000002162 0000000012 0000002164 0000001827 0000002701 0000001947 0000002431 0000002477 0000003381 0000001645 0000002346 0000001972 0000002478 0000002500 0000002629 0000002471 0000002203 0000002319 0000001727 0000002205 0000002711 0000003487 
31488|LAB2|2009-10-05|08:00|09:30|A311|klasicno|0000002332 0000002175 0000000063 0000001462 0000002396 0000002334 0000003449 0000002138 0000001558 0000002455 0000001671 0000002620 0000001928 0000002358 0000000424 0000002031 0000002705 0000002209 0000001753 0000002314 0000000070 0000001649 
31488|LAB2|2009-10-05|08:00|09:30|A312|klasicno|0000000303 0000002231 0000000918 0000002309 0000001480 0000002621 0000003389 0000002147 0000002397 0000002181 0000002426 0000002460 0000001175 0000001505 0000002576 0000002445 0000003422 0000001825 0000002680 0000002116 0000003419 0000002079 
31488|LAB2|2009-10-05|09:30|11:00|A311|klasicno|0000002551 0000002588 0000001466 0000001733 0000002635 0000001575 0000002206 0000001959 0000002215 0000002216 0000002150 0000002527 0000000921 0000000090 0000001736 0000002253 0000001187 0000000915 0000000856 0000001702 0000001531 0000000086 
31488|LAB2|2009-10-05|09:30|11:00|A312|klasicno|0000001977 0000002637 0000001805 0000000075 0000002410 0000001999 0000002393 0000001982 0000000263 0000001720 0000001568 0000002326 0000000340 0000001704 0000002221 0000001378 0000002381 0000001912 0000001931 0000002211 
31488|LAB2|2009-10-05|11:00|12:30|A311|klasicno|0000002421 0000002388 0000002044 0000002715 0000002584 0000002481 0000001776 0000002614 0000001403 0000001940 0000002357 0000002545 0000002267 0000000044 0000002136 0000002323 0000001744 0000002183 0000002227 0000002214 0000003454 0000001648 
31488|LAB2|2009-10-05|11:00|12:30|A312|klasicno|0000000276 0000000055 0000002717 0000001443 0000001951 0000002454 0000002230 0000001638 0000000587 0000001696 0000002660 0000002504 0000002040 0000002473 0000000019 0000002107 0000001455 0000001658 0000001916 0000000016 0000002073 0000000240 
31488|LAB2|2009-10-05|12:30|14:00|A311|klasicno|0000002471 0000002646 0000001660 0000001848 0000002204 0000002060 0000002263 0000001967 0000002626 0000000969 0000002432 0000001313 0000001769 0000002574 0000001972 0000002462 0000001041 0000002644 0000001991 0000002601 0000001737 0000002144 
31488|LAB2|2009-10-05|12:30|14:00|A312|klasicno|0000001870 0000001196 0000000069 0000002086 0000003385 0000002141 0000002561 0000001810 0000000262 0000001844 0000001879 0000003380 0000001595 0000002283 0000002490 0000001792 0000002298 0000002591 0000002310 0000000012 0000002152 0000002185 
31488|LAB2|2009-10-05|14:00|15:30|A311|klasicno|0000001131 0000002225 0000002446 0000002239 0000002092 0000002651 0000002372 0000001118 0000002370 0000002247 0000002587 0000002363 0000001873 0000001645 0000002343 0000002533 0000003483 0000002350 0000002249 0000000001 0000002477 0000002010 
31488|LAB2|2009-10-05|14:00|15:30|A312|klasicno|0000001478 0000002610 0000001701 0000002609 0000002416 0000002367 0000001663 0000002505 0000002276 0000002337 0000002530 0000002164 0000001749 0000001637 0000002389 0000002552 0000002096 0000002297 0000002186 0000002208 0000001253 0000002392 
31488|LAB2|2009-10-05|15:30|17:00|A311|klasicno|0000002573 0000003420 0000001006 0000001987 0000002515 0000002261 0000001538 0000001152 0000002015 0000002415 0000002540 0000002048 0000003431 0000001746 0000002402 0000002645 0000002327 0000002436 0000003381 0000002286 0000002149 0000002638 
31488|LAB2|2009-10-05|15:30|17:00|A312|klasicno|0000002665 0000001521 0000002425 0000002200 0000002531 0000001422 0000003459 0000002196 0000002307 0000002707 0000002291 0000002643 0000002628 0000002386 0000001986 0000003372 0000002311 0000002521 0000002534 0000002479 0000001840 0000002293 
31488|LAB2|2009-10-06|08:00|09:30|A311|klasicno|0000002212 0000002068 0000002377 0000001797 0000002371 0000001165 0000002726 0000002169 0000001690 0000002236 0000002179 0000002110 0000002395 0000001827 0000001174 0000001774 0000002195 0000001624 0000001003 0000002353 0000002290 0000002400 
31488|LAB2|2009-10-06|08:00|09:30|A312|klasicno|0000000109 0000001801 0000002483 0000002248 0000001189 0000002422 0000000896 0000000182 0000002002 0000001788 0000001362 0000002719 0000002716 0000001001 0000001272 0000002549 0000002273 0000001935 0000001173 0000002567 0000002632 0000002639 
31488|LAB2|2009-10-06|09:30|11:00|A311|klasicno|0000002182 0000001550 0000002324 0000001411 0000002228 0000002317 0000002187 0000001861 0000002226 0000001547 0000002201 0000002560 0000002192 0000002188 0000002257 0000001755 0000002475 
31488|LAB2|2009-10-06|09:30|11:00|A312|klasicno|0000000854 0000001787 0000001074 0000001178 0000002580 0000001153 0000002464 0000001894 0000002548 0000001559 0000001223 0000001555 0000001661 0000002255 0000001614 0000002250 
31488|LAB2|2009-10-06|11:00|12:30|A311|klasicno|0000002465 0000001975 0000000479 0000002158 0000002518 0000002306 0000001965 0000002093 0000001927 0000002513 0000000520 0000001906 0000002302 0000000294 0000000365 0000001893 0000002554 0000002555 0000002418 0000001691 0000001654 0000001686 
31488|LAB2|2009-10-06|11:00|12:30|A312|klasicno|0000002672 0000003445 0000002117 0000002172 0000002559 0000000143 0000002509 0000002420 0000002148 0000002142 0000002435 0000001814 0000002525 0000002170 0000002174 0000001166 0000001147 0000002667 0000002173 0000000038 0000002011 0000002463 
31488|LAB2|2009-10-06|12:30|14:00|A311|klasicno|0000002633 0000001826 0000002292 0000003371 0000002510 0000002237 0000002308 0000002153 0000002260 0000002284 0000001926 0000002352 0000002376 0000001576 0000002442 0000002264 0000002339 0000001586 0000001607 0000002229 0000002506 0000002252 
31488|LAB2|2009-10-06|12:30|14:00|A312|klasicno|0000002246 0000001728 0000002417 0000001757 0000001458 0000002484 0000002303 0000001754 0000002500 0000002387 0000001791 0000002695 0000002452 0000002272 0000001140 0000001762 0000002301 0000001743 0000002154 0000002682 0000002529 0000001915 
31488|LAB2|2009-10-06|14:00|15:30|A311|klasicno|0000001420 0000002319 0000002502 0000002636 0000002162 0000001424 0000002592 0000002485 0000002207 0000001489 0000002608 0000001580 0000002451 0000002478 0000001231 0000002556 0000002340 0000002151 0000002721 0000002145 0000002686 0000002222 
31488|LAB2|2009-10-06|14:00|15:30|A312|klasicno|0000002544 0000002431 0000002629 0000001509 0000002359 0000002487 0000001653 0000002243 0000002112 0000002428 0000002433 0000002398 0000001955 0000002706 0000002469 0000002127 0000001181 0000001888 0000001079 0000002135 0000002447 0000002242 
31488|LAB2|2009-10-06|15:30|17:00|A311|klasicno|0000002440 0000002407 0000002468 0000002143 0000002294 0000003456 0000002235 0000001877 0000001621 0000002259 0000002213 0000002101 0000002568 0000002684 0000002312 0000000390 0000001685 0000002557 0000002598 0000002590 0000001287 0000001019 
31488|LAB2|2009-10-06|15:30|17:00|A312|klasicno|0000002316 0000003487 0000002346 0000002233 0000001472 0000000935 0000002177 0000002414 0000001032 0000002360 0000002342 0000002037 0000000307 0000002724 0000002419 0000002155 0000002025 0000002385 0000001628 0000002597 0000002582 0000002203 
31488|LAB2|2009-10-06|17:00|18:30|A311|klasicno|0000002348 0000002331 0000002562 0000000089 0000002401 0000002599 0000001604 0000002480 0000002262 0000001664 0000002711 0000001433 0000002190 0000002448 0000002328 0000001811 0000002674 0000002351 0000002205 0000002581 0000002140 0000002258 
31488|LAB2|2009-10-06|17:00|18:30|A312|klasicno|0000002571 0000002139 0000002532 0000001859 0000002081 0000002335 0000002333 0000002026 0000002516 0000002394 0000002021 0000002681 0000000142 0000002586 0000002649 0000002384 0000002275 0000002669 0000002030 0000002313 0000001435 0000001602 
31488|LAB2|2009-10-06|18:30|20:00|A311|klasicno|0000002279 0000001145 0000002184 0000001966 0000002022 0000001994 0000002457 0000001914 0000002399 0000002325 0000002404 0000002300 0000002408 0000001760 0000002330 0000002349 0000002368 0000002321 0000002526 0000002274 0000000983 0000002539 
31488|LAB2|2009-10-06|18:30|20:00|A312|klasicno|0000002369 0000002508 0000002347 0000002486 0000002600 0000002304 0000001666 0000001434 0000002295 0000002563 0000002642 0000002627 0000001633 0000002087 0000002251 0000001627 0000001778 0000002045 0000003457 0000001918 0000002657 0000001944 
31489|LAB2|2009-10-05|08:00|10:00|A310|DEMOSI|0000001044 0000002695 |klasicno|0000002306 0000001435 0000001458 0000002330 0000002152 0000002317 0000002170 0000001614 0000001760 0000002279 0000001888 0000001409 0000002192 0000000330 0000001861 0000002144 0000002544 0000001694 0000000069 0000000290 0000001555 0000002717 0000001576 0000002185 
31489|LAB2|2009-10-05|10:00|12:00|A310|DEMOSI|0000002303 0000002084 |klasicno|0000002719 0000001685 0000001550 0000002554 0000000101 0000002247 0000000017 0000001870 0000002231 0000001725 0000002154 0000001411 0000002147 0000002255 0000001166 0000000113 0000001420 0000002460 0000001928 
31489|LAB2|2009-10-05|12:00|14:00|A310|DEMOSI|0000002303 0000002084 |klasicno|0000002707 0000002567 0000002463 0000002173 0000002250 0000002559 0000003419 0000002169 0000000319 0000002705 0000002522 0000001305 0000002580 0000002381 0000002455 0000001811 0000003495 
31489|LAB2|2009-10-05|14:00|16:00|A310|DEMOSI|0000002451 0000001044 0000002433 |klasicno|0000002351 0000002140 0000002598 0000001147 0000002352 0000002442 0000002646 0000002195 0000002251 0000002235 0000001019 0000001145 0000002480 0000002248 0000002674 0000002174 0000002148 0000002243 0000002346 0000002136 0000003411 0000002143 0000002591 0000002484 
31489|LAB2|2009-10-05|16:00|18:00|A310|DEMOSI|0000002205 0000002533 0000002451 0000002433 |klasicno|0000002010 0000002629 0000002363 0000002414 0000002587 0000001754 0000002592 0000002394 0000002207 0000002417 0000002636 0000002177 0000002139 0000002348 0000002469 0000002468 0000001602 0000002297 0000002516 0000003487 0000002372 0000002590 0000002359 0000002597 
31489|LAB2|2009-10-05|18:00|20:00|A310|DEMOSI|0000002451 0000002433 0000002533 0000001044 0000002205 |klasicno|0000002557 0000001434 0000002385 0000001607 0000002571 0000002030 0000000012 0000003459 0000002392 0000002293 0000002239 0000001701 0000001633 0000001992 0000002502 0000002200 0000002237 0000002092 0000002401 0000001433 0000002284 0000002515 0000002562 0000001994 
31489|LAB2|2009-10-06|08:00|10:00|A310|DEMOSI|0000001044 0000002695 |klasicno|0000001776 0000002021 0000002216 0000001762 0000002323 0000002328 0000002334 0000002302 0000001278 0000002388 0000002527 0000002563 0000002086 0000002660 0000001757 0000002387 0000002573 0000002667 0000002665 0000000016 0000000343 0000002574 0000002620 
31489|LAB2|2009-10-06|10:00|12:00|A310|DEMOSI|0000002303 0000002695 |klasicno|0000002283 0000002141 0000000056 0000002400 0000002644 0000001189 0000001935 0000002230 0000001386 0000001882 0000002087 0000001915 0000000027 0000001912 0000002111 0000001999 0000002726 0000002422 0000001233 
31489|LAB2|2009-10-06|12:00|14:00|A310|DEMOSI|0000002451 0000002205 |klasicno|0000002680 0000002706 0000002446 0000002609 0000000983 0000002213 0000001313 0000001755 0000002307 0000002275 0000002645 0000002638 0000002258 0000002222 0000002196 0000001944 0000002532 0000002548 0000002096 0000002425 0000002209 0000002333 0000002298 0000001604 
31489|LAB2|2009-10-06|14:00|16:00|A310|DEMOSI|0000002205 0000002533 |klasicno|0000002471 0000001627 0000002291 0000001827 0000001893 0000002628 0000002311 0000002190 0000001665 0000002643 0000002313 0000002260 0000002272 0000001901 0000002295 0000002477 0000001601 0000003381 0000002408 0000002327 0000002586 0000002261 0000002339 
31489|LAB2|2009-10-06|16:00|18:00|A310|DEMOSI|0000002533 0000002084 |klasicno|0000002162 0000001778 0000002534 0000002651 0000001931 0000002485 0000002349 0000002657 0000002149 0000001918 0000002343 0000002526 0000003420 0000002242 0000002292 0000002186 0000002208 0000002627 0000001728 0000002276 0000001239 0000002478 0000001624 0000002399 
31489|LAB2|2009-10-06|18:00|20:00|A310|DEMOSI|0000002084 0000002433 |klasicno|0000002145 0000001746 0000002227 0000002610 0000001955 0000003454 0000002684 0000001743 0000001174 0000002682 0000002462 0000002552 0000002172 0000002419 0000002431 0000001365 0000002407 0000001575 0000002130 0000002264 0000002259 0000002415 0000002479 0000002505 
31489|LAB2|2009-10-07|08:00|10:00|A310|DEMOSI|0000002695 0000002303 |klasicno|0000002252 0000001483 0000003475 0000001666 0000002201 0000000009 0000001309 0000002635 0000002621 0000001443 0000001621 0000002549 0000002290 0000002525 0000002011 0000001704 0000001927 0000001462 0000002377 0000000409 0000003371 0000001671 0000002175 0000002211 
34277|LAB1|2009-10-06|08:00|12:00|PCLAB1|klasicno|0000001833 0000001366 0000000635 0000000241 0000000977 0000001574 0000000335 0000001969 0000000058 0000001643 0000000692 0000002069 0000001506 0000001331 
34277|LAB1|2009-10-06|14:00|18:00|PCLAB1|klasicno|0000003421 0000000114 0000000119 0000001372 0000000596 0000001299 0000001404 0000001883 0000000020 0000001111 0000001373 0000001876 0000000392 0000002100 
34277|LAB1|2009-10-07|08:00|12:00|A210|klasicno|0000001936 0000001288 0000001770 0000001113 0000000383 0000001729 0000001052 0000001103 0000001210 0000001768 0000001699 0000000079 0000001587 0000000172 0000002003 0000001985 0000001611 
34277|LAB1|2009-10-07|12:00|16:00|A210|klasicno|0000001988 0000000148 0000001698 0000002006 0000000445 0000000161 0000000378 0000000223 0000001970 0000001240 0000001541 0000000352 0000000080 0000001051 0000000832 0000000991 0000001128 0000002080 
34277|LAB1|2009-10-07|16:00|20:00|A209|klasicno|0000001771 0000001346 0000001688 0000001647 0000001941 0000000438 0000001629 0000001858 0000001865 0000000964 0000000804 0000001800 0000000968 0000001109 0000002124 0000001311 0000001932 
34277|LAB1|2009-10-07|16:00|20:00|A210|klasicno|0000000072 0000001939 0000001979 0000001423 0000003428 0000001687 0000001008 0000001374 0000001382 0000001110 0000001566 0000001077 0000000441 0000001211 0000001588 0000001259 0000000217 0000001230 
34299|LAB2|2009-10-06|09:30|11:00|D372|klasicno|0000000134 0000000201 0000001985 0000001853 0000001849 0000001675 0000001599 0000001723 0000000025 0000001786 
34299|LAB2|2009-10-06|11:00|12:30|D372|klasicno|0000001742 0000001717 0000002066 0000003492 0000000202 0000000195 0000001764 0000001799 0000000173 0000001818 
34299|LAB2|2009-10-06|12:30|14:00|D372|klasicno|0000002078 0000002115 0000000796 0000000140 0000003495 0000002084 0000000030 0000000049 0000001043 0000000580 
34299|LAB2|2009-10-06|15:30|17:00|D372|klasicno|0000000963 0000001968 0000003427 0000000982 0000002097 0000003496 0000001332 0000000193 0000002128 
34299|LAB2|2009-10-06|17:00|18:30|D372|klasicno|0000002070 0000001465 0000002050 0000001784 0000001278 0000001748 0000001709 0000001910 0000000878 0000001601 
34299|LAB2|2009-10-06|18:30|20:00|D372|klasicno|0000001044 0000001232 0000001524 0000001201 0000000213 0000001097 0000001494 0000001715 0000003479 0000003443 
34299|LAB2|2009-10-07|09:30|11:00|D372|klasicno|0000001474 0000000199 0000000129 0000000533 0000001515 0000000320 0000001957 0000001683 0000000291 0000001133 
34299|LAB2|2009-10-07|11:00|12:30|D372|klasicno|0000002064 0000000185 0000001596 0000000073 0000000725 0000000429 0000001383 0000001905 0000000171 0000001214 
34299|LAB2|2009-10-07|12:30|14:00|D372|klasicno|0000001630 0000001960 0000000811 0000001646 0000001363 0000002071 0000001337 0000000277 0000000225 0000001351 
34299|LAB2|2009-10-07|14:00|15:30|D372|klasicno|0000001727 0000000413 0000000077 0000001315 0000001023 0000001461 0000000028 0000000045 0000000091 0000000995 
34299|LAB2|2009-10-07|16:00|17:30|D372|klasicno|0000001830 0000001678 0000000208 0000000156 0000000956 0000001540 0000001824 0000000817 0000003413 0000001732 
34299|LAB2|2009-10-07|17:30|19:00|D372|klasicno|0000000168 0000002089 0000001606 0000000153 0000001677 0000001409 0000001016 0000002012 0000001544 0000000319 
34301|LAB2|2009-10-07|08:00|09:30|CXII-Z|klasicno|0000002064 0000001599 0000001596 0000001960 0000000091 0000001383 0000000530 0000000652 0000001849 
34301|LAB2|2009-10-07|09:30|11:00|CXII-Z|klasicno|0000000028 0000001905 0000000045 0000002128 0000001117 0000001646 0000003427 
34301|LAB2|2009-10-07|11:00|12:30|CXII-Z|klasicno|0000001363 0000001723 0000001675 0000000639 0000001351 0000001968 0000000025 0000000026 0000001683 
34301|LAB2|2009-10-07|12:30|14:00|CXII-Z|klasicno|0000001524 0000000963 0000000419 0000000193 
34313|LAB2|2009-10-07|09:30|11:30|PCLAB1|klasicno|0000001114 0000000559 0000002104 0000000373 0000000812 0000001108 0000000890 0000000371 0000000685 0000001064 0000000543 0000000244 0000001416 0000000014 0000000801 0000001911 0000001194 0000000965 0000000087 0000000662 0000000345 0000001773 0000000970 0000001248 0000001974 0000000234 0000001519 0000000750 0000001292 0000000839 0000002039 0000001682 
34313|LAB2|2009-10-07|09:30|11:30|PCLAB2|klasicno|0000001308 0000001247 0000000232 0000000107 0000000914 0000001605 0000001167 0000000152 0000000461 0000000137 0000001790 0000000295 0000000077 0000001112 0000000166 0000000777 0000001920 0000000811 0000001241 0000000902 0000003447 0000000134 0000001374 
34313|LAB2|2009-10-07|09:30|11:30|PCLAB3|klasicno|0000000268 0000000580 0000001921 0000001025 0000002028 0000003497 0000001960 0000000414 0000000667 0000000121 0000003486 0000000162 0000001132 0000000088 0000001067 0000000074 0000000709 0000000132 0000002094 0000001315 0000001630 0000001347 0000000752 0000000094 0000000380 0000000542 
34313|LAB2|2009-10-07|12:00|14:00|PCLAB2|klasicno|0000000805 0000001786 0000002000 0000001594 0000000533 0000002023 0000002113 0000000339 0000001756 0000001738 0000002083 0000000321 0000001845 0000000360 0000000905 0000001785 0000001597 0000001622 0000001578 0000000150 0000001851 0000001252 0000001087 0000001892 0000001400 0000000192 0000000364 0000000877 0000002065 0000001716 0000001870 0000001752 
34313|LAB2|2009-10-07|12:00|14:00|PCLAB3|klasicno|0000000103 0000001171 0000001822 0000001193 0000000211 0000001159 0000001776 0000001623 0000002108 0000001657 0000001804 0000001713 0000001394 0000001779 0000001613 0000001980 0000001777 0000001934 0000002038 0000001925 0000001725 0000001617 0000001942 0000001957 0000000982 0000003469 0000002062 0000000136 0000000195 0000001672 
34313|LAB2|2009-10-07|14:00|16:00|PCLAB2|klasicno|0000000955 0000003387 0000002103 0000000208 0000000774 0000001678 0000001459 0000000118 0000001763 0000001540 0000001601 0000001544 0000001655 0000001598 0000001172 0000000190 0000001621 0000001677 0000001552 0000000185 0000001893 0000000084 0000000170 0000002066 0000001891 0000001830 0000001528 0000001634 0000001493 0000001866 0000002057 0000001978 
34313|LAB2|2009-10-07|14:00|16:00|PCLAB3|klasicno|0000000168 0000001730 0000000381 0000001901 0000001585 0000000908 0000001817 0000000140 0000002118 0000000277 0000002077 0000001929 0000002084 0000001695 0000001715 0000001681 0000001841 0000002089 0000001793 0000000420 0000000530 0000000153 0000000341 0000001946 0000002122 0000001232 0000001732 0000001961 0000001351 0000000026 0000000179 0000001133 
34313|LAB2|2009-10-07|16:00|18:00|PCLAB1|klasicno|0000001233 0000001993 0000001867 0000003418 0000001709 0000001454 0000000462 0000001717 0000000124 0000000081 0000001990 0000001549 0000000967 0000001882 0000000254 0000001799 0000003439 0000001895 0000001764 0000003501 0000002050 0000000943 0000000007 0000000419 0000000878 0000000919 0000000636 0000000060 0000001726 0000002049 0000000504 0000003416 
34313|LAB2|2009-10-07|16:00|18:00|PCLAB2|klasicno|0000000403 0000001910 0000001181 0000002058 0000001593 0000000297 0000001888 0000003491 0000003417 0000001899 0000001958 0000001650 0000000368 0000000047 0000001239 0000000821 0000001284 0000003482 0000001708 0000002042 0000001842 0000000203 0000001581 0000001869 0000002070 0000000235 0000001784 0000001908 0000001405 0000000048 0000002115 0000000213 
34313|LAB2|2009-10-07|16:00|18:00|PCLAB3|klasicno|0000000097 0000003391 0000001872 0000002085 0000000304 0000000051 0000001532 0000001722 0000002114 0000001461 0000001177 0000000141 0000001710 0000001150 0000000827 0000000180 0000001748 0000001098 0000000476 0000000639 0000001142 0000001117 0000002052 0000001734 0000001795 0000000652 0000001846 0000002731 
34313|LAB2|2009-10-07|18:00|20:00|PCLAB2|klasicno|0000001968 0000000025 0000002078 0000001365 0000001743 0000000953 0000002128 0000002064 0000001863 0000001912 0000001278 0000001824 0000001862 0000000199 0000001665 0000000430 0000000963 0000001596 0000001033 0000001944 0000000156 0000000225 0000000131 0000001853 0000001465 0000001683 0000003427 0000001515 0000001904 0000001276 0000001166 
34313|LAB2|2009-10-07|18:00|20:00|PCLAB3|klasicno|0000000171 0000001992 0000002092 0000001219 0000001742 0000002071 0000001363 0000001849 0000000796 0000001214 0000001524 0000000101 0000000362 0000000201 0000001675 0000000139 0000002061 0000001627 0000000320 0000001723 0000001386 0000001915 0000001646 0000001550 0000002130 0000001905 0000000193 0000001599 0000001818 0000001421 0000003492 0000001612 
34316|LAB1|2009-10-05|12:30|14:00|LABMEH|klasicno|0000000027 0000001483 0000000056 0000001731 0000003501 0000001526 0000002241 0000003496 0000000091 0000000953 0000000409 0000002075 0000001017 0000001528 0000001527 0000001150 
34316|LAB1|2009-10-05|14:00|15:30|LABMEH|klasicno|0000001993 0000001421 0000001899 0000001634 0000001695 0000002130 0000001726 0000001593 0000002049 0000001276 0000001665 0000001931 0000000770 0000001946 0000001710 0000001793 0000001627 
34316|LAB1|2009-10-05|15:30|17:00|LABMEH|klasicno|0000002114 0000001978 0000001961 0000001585 0000001841 0000002058 0000002103 0000000943 0000001869 0000001842 0000001650 0000001734 0000002118 0000001722 0000000070 0000001708 0000001795 
34316|LAB1|2009-10-05|17:00|18:30|LABMEH|klasicno|0000002122 0000002077 0000001233 0000002052 0000001866 0000001817 0000002042 0000001405 0000001908 0000000462 0000002057 0000001929 0000001904 0000001958 0000000908 0000001681 0000001598 
34318|LAB12|2009-10-05|09:00|13:00|C5-01|klasicno|0000002023 0000001785 0000001273 0000001779 0000001716 0000001713 0000001942 0000001119 0000003403 0000001597 0000001578 0000001964 0000001930 0000001925 0000001845 0000002108 0000001851 
34318|LAB12|2009-10-05|13:00|17:00|C5-01|klasicno|0000002007 0000000090 0000001872 0000001994 0000001092 0000001862 0000002511 0000001896 0000001846 0000003371 0000001655 0000002519 0000000431 0000001185 0000000365 0000000035 0000001891 
34318|LAB12|2009-10-06|10:00|14:00|C5-01|klasicno|0000001892 0000001672 0000001617 0000002113 0000002083 0000001193 0000000009 0000001934 0000001159 0000001804 0000001394 0000002062 0000001777 0000002065 0000001622 0000001623 
34318|LAB12|2009-10-06|14:00|18:00|C5-01|klasicno|0000002694 0000001659 0000002092 0000001123 0000001944 0000001992 0000000017 0000001927 0000001760 0000002061 0000000409 0000001033 0000000138 0000001612 0000001763 0000001409 
34318|LAB12|2009-10-07|08:00|12:00|C5-01|klasicno|0000002129 0000001980 0000001252 0000001752 0000002000 0000001633 0000002038 0000001087 0000001738 0000001657 0000001400 0000001613 0000001756 0000001141 0000001434 0000001594 0000001822 
34318|LAB12|2009-10-07|14:00|18:00|C5-01|klasicno|0000002611 0000002683 0000000343 0000002121 0000003407 0000002047 0000000050 0000002020 0000002159 0000001661 0000001610 0000002088 0000000037 0000001253 0000001137 0000002178 
34515|ZAD1|2009-10-05|10:00|12:00|PCLAB1|klasicno|0000000767 0000000423 0000000545 0000000497 0000000957 0000000766 0000000948 0000000748 0000000649 0000000552 0000000631 0000000677 0000000495 0000000592 0000000656 
34515|ZAD1|2009-10-05|10:00|12:00|PCLAB2|klasicno|0000000782 0000000744 0000000730 0000000870 0000000861 0000000289 0000000684 0000000459 0000000265 0000000236 0000000736 0000000850 0000000092 0000000942 0000000881 
34515|ZAD1|2009-10-05|16:00|18:00|A102|klasicno|0000000988 0000001316 0000001495 0000000586 0000001047 0000001560 0000000945 0000003428 0000000585 0000001205 0000000342 0000001407 0000000997 0000000514 0000001385 0000000569 0000000657 0000000761 0000001101 0000000727 
34515|ZAD1|2009-10-05|16:00|18:00|PCLAB1|klasicno|0000000654 0000001014 0000000591 0000000853 0000000394 0000000616 0000000114 0000000634 0000000980 0000000731 0000000273 0000001360 0000001215 0000000478 0000001036 0000000893 0000001345 0000001554 0000001323 0000001057 
34532|LAB2|2009-10-07|12:00|14:00|PCLAB1|klasicno|0000000304 0000001561 0000000937 0000000483 0000003473 0000001516 0000000717 0000001379 0000000647 0000003433 0000000604 0000000372 
34532|LAB2|2009-10-07|14:00|16:00|PCLAB1|klasicno|0000000123 0000000800 0000000202 0000003442 0000000952 0000000446 0000000901 0000001508 0000000165 0000001135 0000000117 0000000231 
34532|LAB2|2009-10-07|18:00|20:00|PCLAB1|klasicno|0000000763 0000003369 0000000099 0000000104 0000001414 0000001310 0000001430 0000000852 0000000259 0000001235 0000000607 0000000247 
35222|LAB1|2009-10-07|17:00|20:00|A102|klasicno|0000000974 0000000900 0000000377 0000000033 0000001149 0000000376 0000000910 0000000875 0000000287 0000001029 0000000181 0000000532 0000000114 0000000337 0000000369 0000000749 0000001340 0000003436 0000000783 0000001324 0000001090 0000003502 0000000618 0000000397 0000000417 0000001063 0000000644 0000000776 0000001545 0000001138 0000000375 0000000507 
35226|LAB2|2009-10-07|08:00|10:00|A102|klasicno|0000003415 0000001188 0000000318 0000000488 0000000594 0000000451 0000000344 0000001469 0000001387 0000001154 0000001264 0000000065 0000001548 0000001573 0000001242 0000001116 0000001302 0000000205 0000001486 0000001419 0000001009 0000001354 0000001491 0000001361 0000001081 
35226|LAB2|2009-10-07|10:00|12:00|A102|klasicno|0000000998 0000001083 0000001034 0000000282 0000000547 0000001089 0000001093 0000000984 0000003466 0000000855 0000001058 0000000180 0000000128 0000001156 0000001169 0000000499 0000001121 0000001562 0000001224 0000001490 0000001471 
35228|LAB3|2009-10-05|08:00|10:00|LAB_UE|klasicno|0000001482 0000000139 0000000535 0000000773 0000001449 0000001487 0000001304 0000001179 0000000823 0000001553 0000001290 0000001343 
35228|LAB3|2009-10-05|10:00|12:00|LAB_UE|klasicno|0000001134 0000000364 0000000242 0000001226 0000003468 0000000895 0000001282 0000000862 0000000909 0000001277 0000000840 0000000923 
35228|LAB3|2009-10-05|12:00|14:00|LAB_UE|klasicno|0000001005 0000001115 0000001525 0000001012 0000001045 0000003375 0000003469 0000001348 0000000363 0000001320 0000001297 0000000032 
34269|LAB1|2009-10-06|11:00|11:30|PCLAB2|Igor|0000001917 0000003383 0000001684 0000002105 0000001998 0000001673 0000001839 0000001625 
34269|LAB1|2009-10-06|11:00|11:30|PCLAB3|Marko|0000001733 0000000075 0000002079 0000001674 0000001828 0000000378 0000001765 0000001751 
34269|LAB1|2009-10-06|11:30|12:00|PCLAB2|Danko|0000002109 0000000978 0000001641 0000003372 0000001254 0000001798 0000001531 0000001279
34269|LAB1|2009-10-06|11:30|12:00|PCLAB3|Marko|0000001688 0000001240 0000001051 0000001103 0000001698 0000001900 0000000899 0000001687 
34269|LAB1|2009-10-06|12:00|12:30|PCLAB3|Alan|0000003503 0000001620 0000001618 0000001626 0000001858 0000002099 0000001883 0000001636 
34269|LAB1|2009-10-06|12:30|13:00|PCLAB3|Alan|0000000408 0000001886 0000000444 0000000260 0000002056 0000000102 0000000445 0000003474 
34269|LAB1|2009-10-06|12:30|13:00|PCLAB1|Marko|0000000566 0000001954 0000001291 0000001275 0000001737 0000000447 0000001377 0000002093 
34269|LAB1|2009-10-06|13:00|13:30|PCLAB2|Igor|0000003379 0000001835 0000001836 0000001838 0000001834 0000002003 0000001829 0000001932 
34269|LAB1|2009-10-06|13:00|13:30|PCLAB3|Danko|0000001689 0000001852 0000000082 0000001228 0000001933 0000002036 0000003389 0000003480 |Alan|0000001800 0000002024 0000001854 0000001587 0000002041 0000001812 0000001638 0000001588 
34269|LAB1|2009-10-06|13:00|13:30|PCLAB1|Zuzak|0000000352 0000000802 0000001651 0000003406 0000001744 0000001747 0000001919 0000002051 |Marko|0000000239 0000000133 0000002107 0000000147 0000000223 0000003428 0000001949 
34269|LAB1|2009-10-06|13:30|14:00|PCLAB2|Igor|0000002018 0000001648 0000001635 0000001952 0000001718 0000001669 0000000182 0000002069
34269|LAB1|2009-10-06|13:30|14:00|PCLAB3|Alan|0000001699 0000000067 0000000095 0000000357 0000000991 0000000331 0000000057 0000001825 |Danko|0000001903 0000001977 0000001065 0000001832 0000000630 0000003395 0000000072 0000001706 
34269|LAB1|2009-10-06|13:30|14:00|PCLAB1|Zuzak|0000001943 0000001864 0000001897 0000001642 0000001970 0000001865 0000002081 0000002035 |Marko|0000000930 0000000055 0000001868 0000001782 0000001940 0000001780 0000001676 0000001810  
34269|LAB1|2009-10-06|14:00|14:30|PCLAB2|Igor|0000001745 0000001129 0000001038 0000000406 0000000106 0000001847 0000001769 0000000115
34269|LAB1|2009-10-06|14:00|14:30|PCLAB3|Danko|0000000177 0000001996 0000001236 0000001803 0000002098 0000000390 0000001294 0000001789 |Alan|0000001890 0000002072 0000001808 0000001184 0000001326 0000002046 0000001670 0000001809 
34269|LAB1|2009-10-06|14:30|15:00|PCLAB2|Igor|0000001008 0000001307 0000001608 0000001122 0000001714 0000001191 0000001995 0000001767
34269|LAB1|2009-10-06|14:30|15:00|PCLAB3|Alan|0000001807 0000001806 0000001668 0000000161 0000001382 0000001346 0000000204 0000000079 |Zuzak|0000001639 0000001647 0000002124 0000000036 0000000217 0000001577 0000003376 0000001374
34269|LAB1|2009-10-06|15:00|15:30|PCLAB2|Zuzak|0000002013 0000001855 0000001402 0000001771 0000001711 0000001644 0000001988 0000001874 |Danko|0000001303 0000002102 0000001244 0000000897 0000001091 0000000181 0000000438 0000001796 
34269|LAB1|2009-10-06|15:30|16:00|PCLAB3|Igor|0000001662 0000001945 0000001210 0000001217 0000001350 0000001950 0000001971 0000001948 
34269|LAB1|2009-10-06|16:30|17:00|PCLAB2|Zuzak|0000001609 0000001611 0000001640 0000001629 0000000562 0000001595 0000001736 0000001707
34269|LAB1|2009-10-06|16:30|17:00|PCLAB3|Marko|0000000209 0000000313 0000001231 0000000964 0000000804 0000001467 0000001984 0000001301
34269|LAB1|2009-10-06|17:00|17:30|PCLAB2|Alan|0000001504 0000001956 0000001884 0000001220 0000001199 0000001590 0000002080 0000001110 
34269|LAB1|2009-10-06|17:00|17:30|PCLAB3|Marko|0000001207 0000001750 0000001843 0000001856 0000000046 0000001209 0000001448 0000001077 
34269|LAB1|2009-10-06|17:30|18:00|PCLAB2|Zuzak|0000001880 0000001032 0000001667 0000001078 0000001230 0000000832 0000002059 0000001245 |Danko|0000001165 0000002082 0000002026 0000001902 0000003378 0000000148 0000001792 0000001423 
34269|LAB1|2009-10-06|17:30|18:00|PCLAB3|Marko|0000001898 0000001643 0000000230 0000002004 0000001660 0000000370 0000001696 0000001781 
34269|LAB1|2009-10-06|18:00|18:30|PCLAB2|Danko|0000001584 0000001118 0000001535 0000000918 0000000689 0000002053 0000001729 0000002040 |Zuzak|0000001985 0000002100 0000000309 0000000799 0000000803 0000001373 0000000726
34269|LAB1|2009-10-06|18:00|18:30|PCLAB3|Igor|0000001997 0000001281 0000002019 0000001187 0000001113 0000001566 0000001470 0000001735 
34269|LAB1|2009-10-06|18:00|18:30|PCLAB1|Alan|0000001229 0000000609 0000001381 0000000790 0000002032 0000001887 0000001616 0000001212
34269|LAB1|2009-10-06|18:30|19:00|PCLAB3|Igor|0000001761 0000001505 0000001128 0000002017 0000002106 0000001153 0000001178 0000003382 
34269|LAB1|2009-10-06|18:30|19:00|PCLAB2|Danko|0000001871 0000001979 0000003404 0000001959 0000001975 0000002116 0000001894 0000001740 
34269|LAB1|2009-10-06|18:30|19:00|PCLAB1|Marko|0000001820 0000001541 0000000971 0000002095 0000002126 0000002015 0000001823 0000001783 |Alan|0000001547 0000002055 0000001770 0000000142 0000001556 0000000441 0000002132 0000001860 
34269|LAB1|2009-10-06|19:00|19:30|PCLAB1|Zuzak|0000001497 0000003388 0000001453 0000001775 0000001615 0000001814 0000001936 0000000822 
34269|LAB1|2009-10-06|19:00|19:30|PCLAB2|Danko|0000001941 0000001285 0000001450 0000001939 0000001559 0000001480 0000001362 0000001288 
34269|LAB1|2009-10-06|19:00|19:30|PCLAB3|Igor|0000001631 0000001690 0000001466 0000001889 0000001924 0000001937 0000001589 0000001679 
34269|LAB1|2009-10-06|19:30|20:00|PCLAB3|Igor|0000001989 0000002006 0000002001 0000001074 0000002068 0000000383 0000000769 0000001393 
34269|LAB1|2009-10-06|19:30|20:00|PCLAB1|Zuzak|0000001013 0000001721 0000001062 0000001619 0000000263 0000000546 0000002033 0000001881 |Alan|0000001632 0000001328 0000000063 0000000648 0000001815 0000001719 0000000979 0000001819 
