19674|LAB6|2009-12-14|08:00|10:00|A101|DEMOSI|0000002976 0000002887 0000003090 |klasicno|0000002871 0000003101 0000002994 0000002864 0000003212 0000003210 0000003355 0000002954 0000000215 0000000069 0000002808 0000002930 0000002356 0000001607 0000002774 0000003249 0000003453 0000003141 0000002730 0000002762 0000002884 0000002794 0000002816 0000003059 0000002622 0000003252 0000003460 0000002783 0000002546 0000003192 
19674|LAB6|2009-12-14|08:00|10:00|A110|DEMOSI|0000002191 0000002748 |klasicno|0000002882 0000002950 0000002634 0000002944 0000002444 0000002507 0000002863 0000003142 0000003331 0000002819 0000002091 0000002493 0000003144 0000003004 0000003294 
19674|LAB6|2009-12-14|10:00|12:00|A101|DEMOSI|0000002908 0000003109 0000003112 |klasicno|0000003115 0000002296 0000002618 0000002817 0000003179 0000002732 0000002955 0000003311 0000002980 0000002810 0000003185 0000002474 0000003263 0000003345 0000002755 0000002906 0000003157 0000003029 0000003280 0000002855 0000002953 0000003224 0000002747 0000002499 0000002989 0000003056 0000002993 0000002771 0000003178 
19674|LAB6|2009-12-14|10:00|12:00|A110|DEMOSI|0000002964 0000002976 |klasicno|0000002673 0000002926 0000003089 0000002231 0000003175 0000003197 0000002157 0000003215 0000003209 0000002743 0000003257 0000003137 0000002923 0000000029 0000002775 
19674|LAB6|2009-12-14|12:00|14:00|A101|DEMOSI|0000003129 0000002191 0000002897 |klasicno|0000002826 0000002937 0000002735 0000002742 0000003051 0000002900 0000003166 0000002924 0000003058 0000003365 0000003083 0000003461 0000002879 0000003282 0000002383 0000002280 0000003284 0000003201 0000002818 0000002776 0000001697 0000003138 0000003346 0000003386 0000003296 0000002946 0000002119 0000003065 0000003302 0000003287 
19674|LAB6|2009-12-14|12:00|14:00|A110|DEMOSI|0000002820 0000003006 |klasicno|0000002692 0000003352 0000002967 0000002873 0000001962 0000003195 0000003114 0000002512 0000002382 0000002768 0000003498 0000003170 0000002640 0000003181 0000003272 
19674|LAB6|2009-12-14|14:00|16:00|A101|DEMOSI|0000002759 0000003088 0000002860 |klasicno|0000002482 0000003412 0000002606 0000003463 0000002536 0000002801 0000002161 0000003229 0000002455 0000003234 0000002782 0000003009 0000003183 0000003338 0000002998 0000003426 0000002805 0000003077 0000003063 0000003341 0000003477 0000002766 0000002828 0000002746 0000002786 0000003120 0000002965 0000000403 0000002875 0000003350 
19674|LAB6|2009-12-14|14:00|16:00|A110|DEMOSI|0000003191 0000003003 |klasicno|0000003079 0000002918 0000003171 0000002753 0000003297 0000002912 0000003121 0000003108 0000003033 0000002287 0000002888 0000003332 0000002904 0000003106 0000002958 
19674|LAB6|2009-12-14|16:00|18:00|A101|DEMOSI|0000003191 0000003318 0000001661 |klasicno|0000001125 0000003465 0000002043 0000002405 0000003484 0000003305 0000003156 0000002579 0000002663 0000003314 0000002859 0000003340 0000002978 0000002931 0000002877 0000002760 0000002833 0000000041 0000003315 0000003262 0000003018 0000002631 0000002940 0000003145 0000002894 0000003269 0000003277 0000002933 0000003251 0000002427 
19674|LAB6|2009-12-14|16:00|18:00|A110|DEMOSI|0000002799 0000003240 |klasicno|0000002928 0000002952 0000002984 0000002857 0000003074 0000003078 0000002429 0000002927 0000003019 0000003291 0000002825 0000002424 0000002607 0000003222 
19674|LAB6|2009-12-14|18:00|20:00|A101|DEMOSI|0000003116 0000002850 0000002802 |klasicno|0000002176 0000003334 0000003292 0000002439 0000000195 0000002938 0000000022 0000002973 0000003289 0000003267 0000002815 0000002697 0000002881 0000003030 0000003094 0000003107 0000003070 0000003462 0000003085 0000003008 0000002569 0000002477 0000002796 0000003124 0000002788 0000002718 0000002738 0000003283 0000003266 0000003038 
19674|LAB6|2009-12-14|18:00|20:00|A110|DEMOSI|0000002837 0000003240 |klasicno|0000003300 0000003213 0000002997 0000002838 0000002985 0000003301 0000003413 0000002889 0000002915 0000003264 0000002623 0000003328 0000003489 0000003021 0000000002 
19674|LAB6|2009-12-15|08:00|10:00|A101|DEMOSI|0000002756 0000003202 0000002739 |klasicno|0000003424 0000003261 0000003206 0000002870 0000002566 0000002844 0000003205 0000003317 0000003247 0000002809 0000003226 0000003211 0000002553 0000003325 0000003022 0000002577 0000003488 0000003067 0000001935 0000003110 0000003087 0000002498 0000002538 0000002757 0000003143 0000002793 0000002961 0000001909 0000003358 0000003254 
19674|LAB6|2009-12-15|08:00|10:00|A110|DEMOSI|0000002789 0000003113 |klasicno|0000003043 0000003155 0000002271 0000003136 0000002852 0000002146 0000002727 0000002467 0000002572 0000002074 0000002995 0000002406 0000003265 0000002346 0000003135 
19674|LAB6|2009-12-15|10:00|12:00|A101|DEMOSI|0000003109 0000002853 0000003230 |klasicno|0000002675 0000002641 0000003186 0000002693 0000003219 0000003450 0000002966 0000003027 0000002812 0000003173 0000002676 0000003303 0000003062 0000002740 0000003122 0000002134 0000002868 0000003337 0000003066 0000003271 0000002874 0000000042 0000002849 0000003000 0000003039 0000002896 0000003005 0000002824 0000003111 0000002948 
19674|LAB6|2009-12-15|10:00|12:00|A110|DEMOSI|0000002887 0000002854 |klasicno|0000003364 0000002791 0000003281 0000002737 0000003060 0000003048 0000002936 0000002943 0000003336 0000002722 0000003007 0000002878 0000003396 0000002851 
19674|LAB6|2009-12-15|12:00|14:00|A101|DEMOSI|0000002763 0000003343 0000002959 |klasicno|0000003025 0000003313 0000003333 0000003400 0000002282 0000002664 0000003366 0000002903 0000003160 0000003290 0000002403 0000002652 0000002990 0000002780 0000002883 0000003360 0000003398 0000002700 0000003045 0000003326 0000003432 0000003308 0000002814 0000002496 0000002830 0000002749 0000003014 0000003099 0000003255 0000003452 
19674|LAB6|2009-12-15|12:00|14:00|A110|DEMOSI|0000002975 0000003052 |klasicno|0000003310 0000002729 0000002005 0000003353 0000002787 0000002736 0000002840 0000002473 0000002803 0000003020 0000002666 0000002822 0000002886 0000003273 0000003216 
19674|LAB6|2009-12-15|14:00|16:00|A101|DEMOSI|0000002318 0000003260 0000003016 |klasicno|0000003154 0000002979 0000002269 0000003097 0000002594 0000003098 0000003348 0000002391 0000003036 0000003076 0000003184 0000003393 0000003176 0000003373 0000002981 0000002624 0000002845 0000002890 0000003335 0000003276 0000003095 0000003046 0000002982 0000002423 0000002578 0000003125 0000002841 0000003223 0000003190 0000002364 
19674|LAB6|2009-12-15|14:00|16:00|A110|DEMOSI|0000002963 0000002968 |klasicno|0000002361 0000002905 0000002514 0000002977 0000000086 0000002970 0000002777 0000003204 0000003092 0000003298 0000002605 0000002703 0000001305 0000002847 0000003455 
19674|LAB6|2009-12-15|16:00|18:00|A101|DEMOSI|0000003002 0000002318 0000002968 |klasicno|0000003243 0000003054 0000003399 0000003053 0000002656 0000002866 0000003320 0000003017 0000002764 0000002761 0000003042 0000003225 0000003359 0000002524 0000002603 0000002687 0000003188 0000003011 0000002861 0000002277 0000003024 0000002942 0000002917 0000001656 0000002960 0000002354 0000003232 0000002723 0000002438 0000002798 
19674|LAB6|2009-12-15|16:00|18:00|A110|DEMOSI|0000002835 0000003003 |klasicno|0000002456 0000003208 0000002951 0000003217 0000003237 0000002699 0000003256 0000003031 0000002698 0000003037 0000002522 0000003464 0000002901 0000002988 0000002149 
19674|LAB6|2009-12-15|18:00|20:00|A101|DEMOSI|0000003002 0000003113 0000003129 |klasicno|0000002744 0000002767 0000002913 0000002827 0000002797 0000002925 0000003172 0000003150 0000002713 0000002458 0000003075 0000000040 0000002899 0000003357 0000002320 0000002199 0000003419 0000003194 0000003200 0000003259 0000002957 0000003103 0000003148 0000002734 0000003203 0000003091 0000003193 0000002696 0000003071 0000003306 
19674|LAB6|2009-12-15|18:00|20:00|A110|DEMOSI|0000002862 0000003233 |klasicno|0000002929 0000002956 0000002501 0000002992 0000002307 0000003199 0000003168 0000002785 0000002934 0000003073 0000002795 0000002932 0000002839 0000003015 0000002751 
19674|LAB6|2009-12-16|18:00|20:00|A110|DEMOSI|0000002758 0000003258 0000002850 |klasicno|0000003080 0000002217 0000003130 0000002832 0000002999 0000002741 0000003131 0000003118 0000002779 0000003164 0000002893 0000003013 0000003123 0000002885 0000003351 
19674|LAB6|2009-12-18|08:00|10:00|A101|DEMOSI|0000003187 0000002897 0000002763 0000003343 0000002964 |klasicno|0000002920 0000003159 0000003049 0000002466 0000003146 0000003034 0000003086 0000003275 0000002867 0000003270 0000003050 0000002745 0000003235 0000003064 0000002823 0000003032 0000002811 0000002856 0000002991 0000003324 0000003081 0000003165 0000001953 0000002986 0000003397 0000002962 0000002880 0000003228 0000003180 0000002754 
19674|LAB6|2009-12-18|08:00|10:00|A110|DEMOSI|0000003006 0000002959 0000002975 |klasicno|0000002922 0000003312 0000002806 0000003117 0000003248 0000002602 0000002935 0000002914 0000003245 0000003279 0000002909 0000002834 0000002949 0000003139 0000003044 
19674|LAB6|2009-12-18|10:00|12:00|A101|DEMOSI|0000002789 0000002748 0000002854 0000002908 |klasicno|0000003151 0000000018 0000003012 0000003104 0000002848 0000003322 0000003061 0000003182 0000003361 0000002876 0000003299 0000002218 0000002469 0000003253 0000003026 0000002517 0000003319 0000000017 0000003153 0000003147 0000002688 0000003028 0000003140 0000002907 0000003174 0000002523 0000003354 0000003047 0000002895 0000002898 
19674|LAB6|2009-12-18|10:00|12:00|A110|DEMOSI|0000002739 0000002756 |klasicno|0000003167 0000002668 0000003356 0000000020 0000002502 0000002585 0000003307 0000002461 0000003169 0000003134 0000001801 0000002278 0000003286 0000002836 0000003321 
19674|LAB6|2009-12-18|12:00|14:00|A101|DEMOSI|0000002860 0000003260 0000003230 |klasicno|0000002971 0000003196 0000003105 0000003100 0000002790 0000002987 0000003221 0000003244 0000003207 0000002919 0000002846 0000003246 0000002344 0000003329 0000002550 0000002752 0000002983 0000003316 0000002495 0000003040 0000002773 0000002299 0000003177 0000002769 0000002921 0000003425 0000002470 0000002910 0000002341 0000003041 
19674|LAB6|2009-12-18|12:00|14:00|A110|DEMOSI|0000003052 0000002853 0000003090 0000002862 |klasicno|0000002858 0000002778 0000003392 0000003274 0000002865 0000003293 0000002891 0000003093 0000003309 0000002829 0000002974 0000003493 0000003236 0000003057 0000003344 
19674|LAB6|2009-12-18|14:00|16:00|A101|DEMOSI|0000003116 0000002802 0000003318 |klasicno|0000003227 0000002911 0000003023 0000002941 0000003342 0000002947 0000003010 0000003035 0000002020 0000003055 0000002772 0000002843 0000002821 0000002804 0000003119 0000002842 0000003241 0000002813 0000003084 0000002807 0000002765 0000003339 0000003485 0000003133 0000002770 0000002996 0000002969 0000003295 0000003128 0000003096 
19674|LAB6|2009-12-18|14:00|16:00|A110|DEMOSI|0000003088 0000002963 |klasicno|0000003349 0000002916 0000003068 0000003069 0000003288 0000003347 0000002784 0000003285 0000003239 0000003323 0000003189 0000003127 0000003161 0000003220 0000003218 
19674|LAB6|2009-12-18|16:00|18:00|A101|DEMOSI|0000002759 0000003233 0000001661 |klasicno|0000003278 0000003414 0000003268 0000002800 0000002437 0000002670 0000003499 0000002543 0000003238 0000003231 0000003377 0000002305 0000002902 0000003072 0000003214 0000002831 0000003327 0000000016 0000003162 0000003304 0000003423 0000003132 0000003250 0000002872 0000002137 0000003126 0000003483 0000003163 0000002972 0000003149 
19674|LAB6|2009-12-18|16:00|18:00|A110|DEMOSI|0000003016 0000002799 |klasicno|0000003390 0000002232 0000002728 0000003001 0000002781 0000002443 0000000006 0000002945 0000003330 0000003102 0000002750 0000003198 0000002869 0000003152 0000002792 
19674|LAB6|2009-12-18|18:00|20:00|A110|DEMOSI|0000003187 0000003258 0000002820 0000002758 0000003202 0000003112 0000002835 0000002837 |klasicno|0000003242 0000003082 0000002892 0000003158 0000002671 0000002939 
31488|LAB4|2009-12-14|08:00|09:30|A311|klasicno|0000000854 0000001175 0000003483 0000001928 0000000063 0000002170 0000002567 0000001888 0000002381 0000002179 0000001894 0000002309 0000001287 0000002614 0000001844 0000001272 0000001555 0000001912 0000002015 0000002544 0000002639 0000002209 
31488|LAB4|2009-12-14|08:00|09:30|A312|klasicno|0000002175 0000002426 0000001411 0000001744 0000001861 0000002353 0000001458 0000000086 0000002081 0000003445 0000000307 0000002231 0000002221 0000002432 0000002185 0000002601 0000001774 0000001757 0000002490 0000002555 0000002142 0000000303 
31488|LAB4|2009-12-14|09:30|11:00|A311|klasicno|0000000090 0000001736 0000001531 0000000390 0000002435 0000001671 0000003371 0000002332 0000000182 0000001982 0000000075 0000001580 0000002011 0000002465 0000001931 0000002026 0000002252 0000002324 0000002717 0000003389 0000002236 0000002418 
31488|LAB4|2009-12-14|09:30|11:00|A312|klasicno|0000002504 0000002620 0000002680 0000002559 0000002726 0000001521 0000003419 0000002554 0000000019 0000001633 0000000479 0000001788 0000002561 0000002154 0000002257 0000002255 0000002031 0000002695 0000002152 
31488|LAB4|2009-12-14|11:00|12:30|A311|klasicno|0000001614 0000002250 0000002716 0000002644 0000002192 0000002263 0000002150 0000001174 0000001776 0000002396 0000000587 0000002464 0000002302 0000001638 0000001972 0000002421 0000001466 0000001848 0000000070 0000000896 0000002397 0000002215 
31488|LAB4|2009-12-14|11:00|12:30|A312|klasicno|0000000012 0000002323 0000001728 0000002226 0000002563 0000001792 0000002107 0000002037 0000002216 0000002455 0000000001 0000002672 0000002422 0000002707 0000002719 0000000276 0000001690 0000002591 0000002188 0000002195 0000001967 0000002273 
31488|LAB4|2009-12-14|12:30|14:00|A311|klasicno|0000002525 0000002290 0000002388 0000002527 0000001685 0000002548 0000002158 0000000069 0000002334 0000001196 0000001991 0000002303 0000001189 0000002509 0000002549 0000002646 0000001231 0000002521 0000002228 0000002212 0000002560 0000000089 
31488|LAB4|2009-12-14|12:30|14:00|A312|klasicno|0000001660 0000002513 0000002169 0000002086 0000002582 0000001420 0000000143 0000002445 0000001595 0000002330 0000002230 0000002325 0000002247 0000001489 0000001509 0000002357 0000001462 0000002317 0000002136 0000002632 0000002580 0000002574 
31488|LAB4|2009-12-14|14:00|15:30|A311|klasicno|0000002468 0000001178 0000002294 0000002633 0000002327 0000002292 0000002348 0000002431 0000002127 0000002363 0000002139 0000002599 0000002485 0000002308 0000001550 0000002581 0000002505 0000002425 0000002272 0000002484 0000002235 0000002155 
31488|LAB4|2009-12-14|14:00|15:30|A312|klasicno|0000002184 0000002333 0000002372 0000002349 0000002140 0000002645 0000002392 0000002259 0000002552 0000002487 0000002148 0000001987 0000002557 0000002276 0000002402 0000002339 0000002258 0000001627 0000002609 0000002351 0000002313 0000002643 
31488|LAB4|2009-12-14|15:30|17:00|A311|klasicno|0000001877 0000002706 0000002222 0000002304 0000001559 0000002237 0000002436 0000002190 0000002360 0000002562 0000002440 0000002649 0000002316 0000003459 0000002610 0000003487 0000002342 0000002208 0000002556 0000001547 0000002225 0000002642 
31488|LAB4|2009-12-14|15:30|17:00|A312|klasicno|0000002587 0000002590 0000002597 0000002533 0000001701 0000002371 0000003420 0000002153 0000002669 0000002200 0000002667 0000002457 0000002539 0000002721 0000002337 0000002239 0000002096 0000003381 0000002724 0000002480 0000002627 0000002284 
31488|LAB4|2009-12-16|08:00|09:30|A311|klasicno|0000002206 0000001753 0000000263 0000001755 0000001810 0000001362 0000001576 0000001505 0000001733 0000001859 0000003422 0000001166 0000002172 0000001893 0000003385 0000001147 0000002314 0000002389 0000001994 0000000856 0000001811 0000001702 
31488|LAB4|2009-12-16|08:00|09:30|A312|klasicno|0000003449 0000000109 0000001649 0000001959 0000001999 0000002588 0000002048 0000001720 0000001435 0000001927 0000001666 0000002279 0000001558 0000001977 0000001173 0000002068 0000002229 0000002117 0000002141 0000001648 0000000520 0000001760 
31488|LAB4|2009-12-16|09:30|11:00|A311|klasicno|0000002358 0000001814 0000001032 0000001187 0000001223 0000002025 0000001079 0000002214 0000002584 0000000424 0000001787 0000003431 0000001074 0000001654 0000000921 0000002079 
31488|LAB4|2009-12-16|09:30|11:00|A312|klasicno|0000002483 0000000365 0000001975 0000000935 0000001664 0000001935 0000002462 0000001140 0000002002 0000001434 0000001003 0000002116 0000001797 0000001661 0000000918 0000002637 0000001568 0000001118 0000003372 
31488|LAB4|2009-12-16|11:00|12:30|A311|klasicno|0000001658 0000002551 0000002267 0000002626 0000002093 0000000969 0000002377 0000002087 0000002073 0000001443 0000002187 0000003454 0000002147 0000002715 0000002306 0000002460 0000002253 0000002310 0000001403 0000001951 0000002621 0000002182 
31488|LAB4|2009-12-16|11:00|12:30|A312|klasicno|0000002510 0000001769 0000002473 0000002040 0000002246 0000002300 0000002044 0000000294 0000001181 0000001916 0000001778 0000002112 0000002326 0000002463 0000000262 0000002635 0000001607 0000001253 0000001455 0000002506 0000001686 
31488|LAB4|2009-12-16|12:30|14:00|A311|klasicno|0000002060 0000001145 0000002144 0000001378 0000002138 0000002410 0000002201 0000000915 0000002660 0000002545 0000002387 0000002173 0000003380 0000002227 0000002211 0000002471 0000002576 0000001940 0000002183 0000002298 0000002481 0000001737 
31488|LAB4|2009-12-16|12:30|14:00|A312|klasicno|0000000340 0000001879 0000000142 0000002393 0000000038 0000000016 0000001870 0000002420 0000000055 0000001041 0000002651 0000002407 0000002321 0000002705 0000002283 0000002395 0000002475 0000000240 0000002204 0000002181 0000001801 0000002454 
31488|LAB4|2009-12-16|14:00|15:30|A311|klasicno|0000002135 0000002312 0000002101 0000002419 0000002529 0000002515 0000002311 0000002573 0000001153 0000002164 0000001006 0000002293 0000002416 0000001586 0000002291 0000002295 0000002684 0000002319 0000002571 0000002508 0000001918 0000003457 
31488|LAB4|2009-12-16|14:00|15:30|A312|klasicno|0000002486 0000001754 0000002030 0000002628 0000001424 0000001628 0000002478 0000002359 0000001873 0000002010 0000002297 0000002368 0000002414 0000001152 0000002242 0000002367 0000002657 0000002477 0000002394 0000002428 0000002261 0000001906 
31488|LAB4|2009-12-16|15:30|17:00|A311|klasicno|0000001840 0000001538 0000002442 0000002264 0000001472 0000001602 0000002335 0000002532 0000002452 0000002203 0000001986 0000001965 0000002045 0000002021 0000002205 0000001001 0000001575 0000001637 0000001827 0000002386 0000002301 0000001805 
31488|LAB4|2009-12-16|15:30|17:00|A312|klasicno|0000001791 0000002638 0000002451 0000002534 0000002711 0000001704 0000002369 0000002022 0000002213 0000001749 0000002479 0000002243 0000001746 0000003456 0000002526 0000002540 0000001915 0000002682 0000001645 0000001422 0000002516 0000002110 
31488|LAB4|2009-12-16|17:00|18:30|A311|klasicno|0000001621 0000002502 0000001762 0000002249 0000002251 0000001433 0000002346 0000002665 0000002531 0000002275 0000000044 0000002162 0000002340 0000002286 0000001743 0000002400 0000002092 0000001019 0000002262 0000002446 0000001826 0000001624 
31488|LAB4|2009-12-16|17:00|18:30|A312|klasicno|0000002401 0000001478 0000002518 0000002174 0000002686 0000001691 0000002328 0000000983 0000002629 0000002469 0000002307 0000002417 0000002343 0000002248 0000002586 0000001313 0000001955 0000002568 0000002598 0000002149 0000002636 0000002408 
31488|LAB4|2009-12-16|18:30|20:00|A311|klasicno|0000002143 0000001131 0000002448 0000002350 0000002608 0000001966 0000002145 0000002274 0000001165 0000002404 0000002674 0000001663 0000002384 0000002207 0000001914 0000002433 0000002347 0000002196 0000002399 0000001480 0000001653 0000002151 
31488|LAB4|2009-12-16|18:30|20:00|A312|klasicno|0000002398 0000002376 0000002260 0000002447 0000002233 0000002530 0000001926 0000002370 0000002415 0000001604 0000001825 0000002177 0000002681 0000002592 0000002186 0000001944 0000002500 0000001696 0000002385 0000002600 0000002352 0000002331 
31489|LAB5|2009-12-15|08:00|10:00|A310|DEMOSI|0000002303 0000002695 |klasicno|0000002169 0000002306 0000002231 0000002011 0000002522 0000002136 0000002195 0000002387 0000002635 0000002586 0000001757 0000002422 0000001420 0000002188 0000000319 0000002247 0000002170 0000002621 0000001928 0000002323 0000001550 0000002211 0000002460 0000001614 
31489|LAB5|2009-12-15|10:00|12:00|A310|DEMOSI|0000002303 0000002695 |klasicno|0000002400 0000002717 0000002252 0000002227 0000002216 0000001555 0000001755 0000002525 0000002152 0000002591 0000002548 0000000009 0000002462 0000002559 0000002660 0000003454 0000001743 0000002644 0000002719 0000002463 0000002192 0000002172 0000001621 0000001861 
31489|LAB5|2009-12-15|12:00|14:00|A310|DEMOSI|0000002433 0000002084 |klasicno|0000002477 0000002485 0000002415 0000002394 0000002190 0000000343 0000002469 0000002251 0000002574 0000003459 0000002258 0000002505 0000001145 0000002502 0000001313 0000002307 0000002209 0000002609 0000002657 0000002620 0000001992 0000002298 0000002651 0000002684 
31489|LAB5|2009-12-15|14:00|16:00|A310|DEMOSI|0000002451 0000002533 0000002084 |klasicno|0000000027 0000002261 0000002145 0000002534 0000002264 0000002392 0000002149 0000001666 0000001999 0000002242 0000002096 0000003420 0000002468 0000002208 0000001955 0000002363 0000001624 0000002610 0000002526 0000002260 0000001278 0000002419 0000002352 0000002346 
31489|LAB5|2009-12-15|16:00|18:00|A310|DEMOSI|0000002084 0000002433 0000002451 0000002533 |klasicno|0000001435 0000002471 0000002359 0000002532 0000000101 0000000056 0000002571 0000002143 0000001931 0000002592 0000003475 0000001365 0000002478 0000002682 0000002348 0000002705 0000000983 0000001915 0000001386 0000002213 0000001701 0000002175 0000001912 0000003411 
31489|LAB5|2009-12-15|18:00|20:00|A310|DEMOSI|0000002695 0000001044 0000002433 0000002205 0000002451 |klasicno|0000002295 0000002598 0000002646 0000002200 0000001728 0000000069 0000001443 0000001019 0000003381 0000002407 0000001174 0000002516 0000002351 0000002515 0000001870 0000002587 0000001627 0000002638 0000001604 0000001665 0000002680 0000001233 0000002092 0000002139 
31489|LAB5|2009-12-16|08:00|10:00|A310|DEMOSI|0000002303 0000001044 |klasicno|0000001462 0000002549 0000001888 0000003495 0000001458 0000000017 0000001575 0000001409 0000002455 0000000330 
31489|LAB5|2009-12-17|08:00|10:00|A310|DEMOSI|0000001044 0000002303 |klasicno|0000001704 0000001305 0000001607 0000002567 0000002279 0000001694 0000001434 0000002317 0000001760 0000001671 0000002154 0000001762 0000002173 0000002141 0000001576 0000002147 0000000409 0000002185 0000002667 0000001147 0000001433 0000001746 0000001633 0000002563 
31489|LAB5|2009-12-17|10:00|12:00|A310|DEMOSI|0000002205 0000002451 |klasicno|0000002726 0000002243 0000002372 0000002431 0000002544 0000002250 0000002292 0000002275 0000002627 0000001411 0000002665 0000001893 0000002330 0000002636 0000002706 0000000956 0000001309 0000002388 0000002401 0000002408 0000002580 0000002272 0000002284 0000002446 
31489|LAB5|2009-12-17|12:00|14:00|A310|DEMOSI|0000001044 0000002695 |klasicno|0000002377 0000002334 0000002111 0000002086 0000001601 0000000052 0000002573 0000002174 0000002707 0000000016 0000002302 0000002201 0000002554 0000001927 0000002148 0000002144 0000002255 0000002290 0000002248 0000002283 0000002381 0000001882 0000002527 
31489|LAB5|2009-12-17|14:00|16:00|A310|DEMOSI|0000002533 0000002084 |klasicno|0000000290 0000001918 0000002087 0000001754 0000001189 0000002674 0000002414 0000002645 0000002339 0000003371 0000002162 0000002311 0000002291 0000001811 0000002562 0000001685 0000002186 0000001994 0000001935 0000000086 0000002259 0000003419 0000002629 0000001778 
31489|LAB5|2009-12-17|16:00|18:00|A310|DEMOSI|0000002433 0000002205 |klasicno|0000002230 0000001827 0000002130 0000002597 0000001483 0000000012 0000002010 0000003487 0000002425 0000002442 0000001239 0000002207 0000002479 0000002552 0000002237 0000001725 0000002030 0000002590 0000001944 0000002385 0000002328 0000002276 0000001602 0000002480 
31489|LAB5|2009-12-17|18:00|20:00|A310|DEMOSI|0000002205 0000002533 |klasicno|0000002628 0000002343 0000002239 0000002484 0000002196 0000001166 0000002557 0000002222 0000002293 0000002235 0000002313 0000002399 0000002417 0000002021 0000002327 0000001901 0000001776 0000002297 0000000113 0000002333 0000002349 0000002177 0000002643 0000002140 
31491|LAB4|2009-12-16|08:00|10:00|A101|klasicno|0000002187 0000002322 0000002491 0000002154 0000002209 0000002189 0000002241 0000002460 0000002612 0000002550 0000002310 0000002709 0000002231 0000002420 0000002445 0000002201 0000002694 0000002510 0000002211 0000001912 0000003458 0000002506 0000001607 0000002250 0000002218 0000002640 0000002324 0000002490 0000002481 0000002323 0000002252 0000002283 0000002463 0000002267 0000001758 0000002546 0000002179 0000000020 0000002138 0000000016 0000001614 0000001109 0000002654 0000002182 0000002672 0000002215 0000002142 0000002618 0000002377 0000002565 0000002246 0000002163 0000002520 0000002660 0000002601 0000002334 0000002547 0000002204 0000002635 0000002170 
31491|LAB4|2009-12-16|08:00|10:00|A109|klasicno|0000002228 0000003452 0000002499 0000002621 0000000090 0000002158 0000002044 0000002253 0000002306 0000001915 0000002705 0000002509 0000002495 0000002379 0000002555 0000000409 0000002432 0000002551 0000002527 0000002244 0000002593 0000002700 0000002567 0000001443 0000002300 0000002183 0000002586 0000002537 0000002326 0000002720 
31491|LAB4|2009-12-16|08:00|10:00|A110|klasicno|0000002655 0000002396 0000002147 0000002453 0000002256 0000002523 0000002150 0000002454 0000002165 0000000039 0000002659 0000002715 0000002576 0000002216 0000002198 0000003477 0000002690 0000002395 0000002475 0000002614 0000000038 0000002435 0000002467 0000002282 0000003454 0000002626 0000002290 0000002517 0000002169 0000002679 
31491|LAB4|2009-12-16|10:00|12:00|A101|klasicno|0000002545 0000002522 0000002236 0000002525 0000002707 0000001925 0000002192 0000002191 0000001141 0000002388 0000002230 0000001049 0000002194 0000002464 0000002641 0000002157 0000002167 0000002296 0000002504 0000002393 0000002422 0000002280 0000002461 0000002471 0000002563 0000002501 0000001391 0000000017 0000002685 0000002387 0000002519 0000002639 0000002664 0000002353 0000002559 0000002688 0000001766 0000002220 0000002726 0000002346 0000002661 0000002585 0000003374 0000002381 0000002421 0000002410 
31491|LAB4|2009-12-16|10:00|12:00|A109|klasicno|0000003377 0000002321 0000001963 0000002245 0000002298 0000001739 0000002718 0000002466 0000002521 0000002144 0000002383 0000002136 0000002443 0000002221 0000002710 0000002328 0000002465 0000002325 0000002400 0000002173 0000002181 0000002332 0000002418 0000001624 0000002652 
31491|LAB4|2009-12-16|10:00|12:00|A110|klasicno|0000000040 0000002329 0000002411 0000002646 0000002330 0000001742 0000002178 0000002382 0000002185 0000002617 0000003455 0000002474 0000002588 0000003414 0000003419 0000002450 0000002651 0000002407 0000002067 0000002554 0000002708 0000002611 0000000003 0000002719 0000002549 0000002596 0000002542 0000002166 0000002119 0000002496 
31491|LAB4|2009-12-16|12:00|14:00|A101|klasicno|0000002020 0000002156 0000002317 0000002691 0000002503 0000002558 0000002281 0000002430 0000002582 0000002513 0000002378 0000001812 0000002483 0000002188 0000002662 0000002623 0000002263 0000002458 0000002320 0000002125 0000002210 0000002580 0000002288 0000002704 0000002406 0000002497 0000002427 0000002472 0000002029 0000000001 0000002631 0000002273 0000002397 0000002287 0000002680 0000002314 0000002732 0000002589 0000002644 0000002149 0000002302 0000002303 0000002309 0000002637 0000002152 0000002269 0000002409 0000003373 0000002566 0000002717 0000002247 0000002620 0000001967 0000002632 0000002289 0000002240 0000002648 0000002584 0000002333 0000002180 
31491|LAB4|2009-12-16|12:00|14:00|A109|klasicno|0000003422 0000001703 0000000215 0000002701 0000002630 0000002279 0000002390 0000002434 0000002429 0000001582 0000002365 0000001580 0000002206 0000002405 0000002606 0000002560 0000001962 0000001185 0000002146 0000002341 0000002345 0000002358 0000001720 0000002438 0000002357 0000002583 0000002266 0000002412 0000002615 0000002212 
31491|LAB4|2009-12-16|12:00|14:00|A110|klasicno|0000002647 0000002426 0000001705 0000002492 0000002361 0000002602 0000002439 0000002462 0000002494 0000002171 0000002668 0000002634 0000002214 0000002671 0000002226 0000002441 0000002344 0000002141 0000002229 0000002257 0000002512 0000002255 0000002459 0000002716 0000002699 0000002579 0000002561 0000002570 0000002074 0000002723 
31491|LAB4|2009-12-16|14:00|16:00|A101|klasicno|0000001701 0000002538 0000002008 0000002658 0000002541 0000002425 0000002307 0000002487 0000002665 0000002524 0000002591 0000003489 0000002151 0000002174 0000002143 0000001976 0000002373 0000002489 0000003490 0000002544 0000002578 0000002683 0000002177 0000002137 0000001861 0000002449 0000002448 0000002568 0000002389 0000000109 0000002338 0000002202 0000003384 0000002548 0000002308 0000002195 0000002350 0000002251 0000002446 0000002531 0000000307 0000002698 0000002562 0000002440 0000002518 0000002392 0000002376 0000002249 0000002587 0000001655 0000002384 0000000022 0000002624 0000002552 0000002674 0000002653 0000002627 0000002153 0000003498 
31491|LAB4|2009-12-16|14:00|16:00|A109|klasicno|0000002633 0000002636 0000002200 0000002695 0000002677 0000002248 0000001727 0000002351 0000002608 0000002502 0000002355 0000002372 0000002403 0000002702 0000002275 0000002476 0000002408 0000002424 0000002733 0000001125 0000002629 0000002371 0000002423 0000002262 0000002227 0000002127 0000002681 0000002336 0000002575 0000002598 
31491|LAB4|2009-12-16|14:00|16:00|A110|klasicno|0000002222 0000002603 0000002340 0000002401 0000002186 0000002609 0000002714 0000002207 0000002470 0000002172 0000002666 0000002436 0000002343 0000002417 0000002399 0000000431 0000002574 0000001509 0000002431 0000002162 0000002469 0000002362 0000002592 0000002363 0000002366 0000002286 0000002316 0000001877 0000002686 0000001811 
31491|LAB4|2009-12-16|16:00|18:00|A101|klasicno|0000002238 0000003385 0000002196 0000002684 0000001329 0000002619 0000002669 0000002375 0000002447 0000003499 0000002657 0000002331 0000002285 0000002258 0000002311 0000002556 0000002571 0000002398 0000002315 0000001875 0000003487 0000001882 0000002539 0000002292 0000002233 0000001906 0000002193 0000002148 0000001772 0000002557 0000002535 0000002468 0000003432 0000002349 0000002413 0000002689 0000001420 0000002724 0000002047 0000002649 0000002260 0000002480 0000002225 0000002433 0000001816 0000002261 0000002277 0000002514 0000002478 0000001685 0000003388 0000002133 0000002488 0000002456 0000002402 0000002507 0000002295 0000002482 0000002356 0000002415 
31491|LAB4|2009-12-16|16:00|18:00|A109|klasicno|0000002500 0000002419 0000002616 0000002528 0000002380 0000002348 0000002347 0000002725 0000002625 0000002159 0000002274 0000002342 0000002312 0000002712 0000002643 0000002573 0000002145 0000002367 0000002164 0000002160 0000002370 0000002176 0000002224 0000002650 0000002030 0000001904 0000002319 0000002600 0000003457 0000001969 
31491|LAB4|2009-12-16|16:00|18:00|A110|klasicno|0000002276 0000002234 0000001918 0000002352 0000002123 0000002135 0000003381 0000002613 0000002577 0000002339 0000003420 0000002313 0000002223 0000002485 0000002416 0000002374 0000002368 0000002239 0000002678 0000002006 0000002530 0000002139 0000002385 0000002219 0000002254 0000002404 0000002364 0000002696 0000002728 0000002208 
31491|LAB4|2009-12-16|18:00|20:00|A101|klasicno|0000002594 0000002175 0000002442 0000002590 0000002540 0000003483 0000002021 0000002360 0000002299 0000002297 0000002203 0000002242 0000002337 0000002642 0000002304 0000002428 0000002394 0000002259 0000002529 0000002581 0000002628 0000002706 0000002184 0000002264 0000002278 0000002437 0000002369 0000002457 0000002534 0000002595 0000002243 0000002667 0000002638 0000002414 0000002327 0000001728 0000002301 0000002473 0000002270 0000002711 0000002505 0000002294 0000002237 0000002599 0000002155 0000002515 0000002498 0000002213 0000003459 0000000069 0000002532 0000002477 0000002205 0000002610 0000002190 0000002235 0000002268 0000002526 0000002386 0000002284 
31491|LAB4|2009-12-16|18:00|20:00|A109|klasicno|0000002140 0000002597 0000002010 0000002335 0000002455 0000002511 0000002682 0000002293 0000002272 0000001118 0000002486 0000002484 0000002604 0000002721 0000002451 0000002359 0000001399 0000002452 0000002675 0000002005 0000002533 0000002479 0000002645 0000002197 0000002232 0000001018 0000002564 0000002516 0000002291 0000002508 
34272|LAB3|2009-12-14|08:00|12:00|PCLAB1|klasicno|0000001674 0000000447 0000002098 0000001812 0000001902 0000002093 0000002041 0000001062 0000001684 0000003404 0000000918 0000001819 0000001559 0000002099 0000000790 0000001595 
34272|LAB3|2009-12-14|08:00|12:00|PCLAB3|klasicno|0000001838 0000001751 0000002036 0000001679 0000001959 0000001719 0000001825 0000001615 0000003372 0000002032 0000001618 0000001808 0000001897 0000001632 0000001065 0000001187 
34272|LAB3|2009-12-16|08:00|12:00|A102|klasicno|0000000896 0000001979 0000001587 0000001423 0000001480 0000000057 0000001531 0000000769 0000001939 0000000079 0000001989 0000001382 0000001770 0000000566 0000001294 0000001973 0000000260 0000000930 0000001687 0000000046 0000000383 0000001250 0000000726 0000001254 0000001566 0000001988 0000003406 0000000196 0000001729 
34272|LAB3|2009-12-16|08:00|12:00|PCLAB1|klasicno|0000001688 0000001940 0000000804 0000000370 0000001932 0000000378 0000001629 0000002107 0000001240 0000001231 0000001647 0000000058 0000000036 0000002080 0000000630 0000000445 
34272|LAB3|2009-12-16|08:00|12:00|PCLAB3|klasicno|0000001113 0000000971 0000001883 0000001800 0000001210 0000001103 0000001985 0000000991 0000001698 0000002069 0000002006 0000001941 0000001008 0000002003 0000000802 
34272|LAB3|2009-12-16|12:00|16:00|A102|klasicno|0000001972 0000000082 0000003503 0000000689 0000001393 0000001207 0000003376 0000001767 0000001945 0000001997 0000002059 0000003388 0000001856 0000003480 0000000263 0000001638 0000002105 0000001900 0000002037 0000003389 0000000899 0000001735 0000000148 0000001199 0000000223 0000000979 0000001984 0000001285 
34272|LAB3|2009-12-16|12:00|16:00|PCLAB1|klasicno|0000002129 0000001051 0000001668 0000001556 0000000921 0000001196 0000001670 0000001301 0000001660 0000001255 0000001470 0000000635 0000000438 0000001667 
34272|LAB3|2009-12-16|12:00|16:00|PCLAB3|klasicno|0000001512 0000001880 0000000978 0000002046 0000000822 0000001229 0000001696 0000001013 0000001643 0000001995 0000001505 0000001438 0000000546 0000001761 
34272|LAB3|2009-12-16|16:00|20:00|A102|klasicno|0000001307 0000000969 0000001448 0000001641 0000002019 0000001963 0000001217 0000001834 0000000063 0000001640 0000001220 0000001631 0000001003 0000001588 0000001644 0000001706 0000001636 0000001843 0000001949 0000001049 0000001885 0000000217 0000002004 0000002124 0000001854 0000002034 0000001998 0000002015 0000001898 0000001747 
34272|LAB3|2009-12-16|16:00|20:00|PCLAB1|klasicno|0000002018 0000001769 0000001191 0000002100 0000002055 0000001956 0000000309 0000001783 0000001798 0000001690 0000001903 0000001771 0000001852 0000000209 0000001807 0000001648 
34272|LAB3|2009-12-16|16:00|20:00|PCLAB3|klasicno|0000000174 0000001350 0000000987 0000002013 0000001765 0000001792 0000000003 0000001328 0000002051 0000001835 0000001782 0000001303 0000002109 0000001871 0000003379 0000001184 
34272|LAB3|2009-12-17|08:00|12:00|PCLAB1|klasicno|0000000441 0000001839 0000001128 0000001078 0000001362 0000001535 0000000771 0000001153 0000001326 0000001699 0000001001 0000001894 0000002081 0000001272 0000001547 
34272|LAB3|2009-12-17|08:00|12:00|PCLAB3|klasicno|0000000133 0000001165 0000001787 0000001954 0000001969 0000000964 0000002068 0000001975 0000001970 0000001919 0000001118 0000001244 0000003395 0000001291 0000001038 
34272|LAB3|2009-12-17|12:00|16:00|A102|klasicno|0000001589 0000001813 0000001826 0000002102 0000003382 0000001689 0000002035 0000001453 0000001616 0000002072 0000001936 0000001820 0000002056 0000000390 0000001745 0000001937 0000000072 0000001865 0000002132 0000000095 0000001874 0000000799 0000001736 0000001577 0000001943 0000001228 0000001996 0000001933 0000001789 0000001889 
34272|LAB3|2009-12-17|12:00|16:00|PCLAB1|klasicno|0000000106 0000001209 0000001917 0000001971 0000001609 0000001924 0000000562 0000001639 0000001796 0000001855 0000001806 0000001626 0000001091 0000002126 0000001860 0000001886 
34272|LAB3|2009-12-17|12:00|16:00|PCLAB3|klasicno|0000001611 0000001803 0000001467 0000001823 0000001775 0000001952 0000001721 0000001881 0000000061 0000001858 0000001711 0000001836 0000001809 0000002053 0000001781 0000001740 
34272|LAB3|2009-12-17|16:00|20:00|A102|klasicno|0000001642 0000000609 0000001714 0000001815 0000001651 0000001774 0000001279 0000001590 0000000444 0000001673 0000001676 0000001828 0000001144 0000002116 0000001884 0000000832 0000001635 0000002082 0000001620 0000002079 0000001331 0000001890 0000002026 0000002001 0000001608 0000001131 0000001707 0000001950 0000002106 0000001859 
34272|LAB3|2009-12-17|16:00|20:00|PCLAB1|klasicno|0000001814 0000001832 0000001810 0000001584 0000002033 0000001212 0000001868 0000001733 0000002017 0000003378 0000001864 0000001977 0000000648 0000002095 0000001887 0000001497 
34272|LAB3|2009-12-17|16:00|20:00|PCLAB3|klasicno|0000001829 0000002024 0000001916 0000001750 0000001718 0000001236 0000001780 0000000147 0000003383 0000001948 0000001669 0000001662 0000003474 0000001625 0000000177 0000001847 
34318|LAB3|2009-12-14|08:00|12:00|C5-01|klasicno|0000001822 0000002008 0000001159 0000003447 0000001851 0000002020 0000001597 0000001661 0000001845 0000001752 0000001942 0000001672 0000001594 
34318|LAB3|2009-12-15|08:00|12:00|C5-01|klasicno|0000001613 0000001605 0000002000 0000002028 0000001623 0000001713 0000003486 0000002108 0000001804 0000001241 0000001756 0000001779 0000001193 0000000207 0000001738 0000002039 0000001141 0000001682 
34318|LAB3|2009-12-15|12:00|16:00|C5-01|klasicno|0000003504 0000002061 0000001944 0000000017 0000002007 0000000431 0000000035 0000000037 0000001923 0000002092 0000001581 0000002731 0000001248 0000002159 0000001857 
34318|LAB3|2009-12-15|16:00|20:00|C5-01|klasicno|0000000944 0000001763 0000002683 0000001655 0000001175 0000002511 0000001137 0000001247 0000001760 0000001085 0000001335 0000001992 0000000409 0000001863 0000001123 0000001119 
34318|LAB3|2009-12-16|08:00|12:00|C5-01|klasicno|0000001092 0000002094 0000001921 0000001657 0000001394 0000002038 0000002065 0000002113 0000000197 0000001273 0000002023 0000001790 0000002062 0000003390 0000000750 0000002441 0000001911 0000001974 
34318|LAB3|2009-12-16|12:00|16:00|C5-01|klasicno|0000002131 0000002611 0000002519 0000003470 0000002380 0000000365 0000001725 0000001930 0000002178 0000001329 0000000090 0000002121 0000000404 0000001106 0000001252 
34318|LAB3|2009-12-16|16:00|20:00|C5-01|klasicno|0000001610 0000001896 0000001612 0000003411 0000001867 0000001724 0000001872 0000002129 0000001006 0000001600 0000000013 0000001964 0000001862 0000000827 0000001087 0000001694 0000001895 
34318|LAB3|2009-12-17|08:00|12:00|C5-01|klasicno|0000001925 0000001617 0000001400 0000001622 0000002083 0000001777 0000001892 0000001776 0000002104 0000000667 0000001994 0000001578 0000001934 0000001870 0000001785 0000001980 0000001920 0000001716 
34318|LAB3|2009-12-17|12:00|16:00|C5-01|klasicno|0000001730 0000002085 0000001185 0000001990 0000001147 0000003403 0000002355 0000001124 0000001659 0000002256 0000002694 0000001633 0000000009 0000000138 0000001846 0000001365 0000003407 
34318|LAB3|2009-12-17|16:00|20:00|C5-01|klasicno|0000001253 0000001433 0000000343 0000001313 0000002119 0000001700 0000001409 0000001576 0000001033 0000001434 0000002351 0000001927 0000001891 0000002047 0000003371 0000002088 0000000070 
35222|LAB12|2009-12-17|08:00|11:00|A102|klasicno|0000001340 0000000783 0000000875 0000000910 0000000033 0000001090 0000000114 0000000287 0000001138 0000001029 0000000618 0000000375 0000000369 0000000900 0000000974 0000000507 0000001149 0000003436 0000000376 0000001063 0000003502 0000000749 0000000644 0000000181 0000000532 0000001324 0000000397 0000000417 0000001545 0000000337 0000000377 0000000776 
35228|LAB8|2009-12-16|11:00|13:00|A002|klasicno|0000001115 0000000032 0000000773 0000003375 0000000823 0000000895 
35228|LAB8|2009-12-16|13:00|15:00|A002|klasicno|0000001005 0000001297 0000001525 0000000840 0000001553 0000000363 
35228|LAB8|2009-12-16|17:00|19:00|A002|klasicno|0000001012 0000001226 0000000139 0000003469 0000001290 0000001449 
35228|LAB8|2009-12-17|08:00|10:00|A002|klasicno|0000003468 0000001482 0000001045 0000000364 0000001348 0000000535 
35228|LAB8|2009-12-17|14:00|16:00|A002|klasicno|0000001320 0000000242 0000001304 0000000862 0000001134 0000000909 
35228|LAB8|2009-12-17|16:00|18:00|A002|klasicno|0000000923 0000001487 0000001343 0000001277 0000001179 0000001282 
